{"J119_class_00_final_volume_FMN": {"R": "{125.0,115.0,145.0}", "MTX": "{0.346188175,-0.279151778,0.895671833,-0.242403842,0.895671741,0.372843815,-0.906307964,-0.346188413,0.242403502}", "T": "{-82.793,-102.246,86.868}", "sco": "58.865", "zsco": "5.137568", "Overlap": "0.1952,82/420", "CC": "0.640692", "PCC": "0.342955", "Score": "58.9", "Std": "4.641729", "Ave": "35.018195"}, "J119_class_00_final_volume_SAMIV": {"R": "{0.0,0.0,120.0}", "MTX": "{-0.499999623,-0.866025622,0.000000000,0.866025622,-0.499999623,0.000000000,-0.000000000,0.000000000,1.000000000}", "T": "{124.478,-31.478,-79.000}", "sco": "34.536", "zsco": "7.814087", "Overlap": "0.1474,51/346", "CC": "0.563549", "PCC": "0.262344", "Score": "34.5", "Std": "2.377856", "Ave": "15.955581"}, "J119_class_01_final_volume_FMN": {"R": "{295.0,55.0,25.0}", "MTX": "{0.519836961,-0.851452435,-0.069269654,0.242403898,0.069267870,0.967699495,-0.819151930,-0.519837199,0.242403389}", "T": "{48.476,-103.026,101.306}", "sco": "55.789", "zsco": "4.285680", "Overlap": "0.2492,83/333", "CC": "0.489859", "PCC": "0.242301", "Score": "55.8", "Std": "4.903614", "Ave": "34.773345"}, "J119_class_01_final_volume_SAMIV": {"R": "{175.0,5.0,145.0}", "MTX": "{-0.816034624,0.565171781,0.121112966,0.571394235,0.820391569,0.021594021,-0.087155725,0.086824720,-0.992403823}", "T": "{11.158,-128.551,92.375}", "sco": "31.901", "zsco": "5.890371", "Overlap": "0.2069,54/261", "CC": "0.510097", "PCC": "0.175498", "Score": "31.9", "Std": "2.618150", "Ave": "16.478998"}, "J119_class_02_final_volume_FMN": {"R": "{90.0,85.0,0.0}", "MTX": "{0.087156050,0.996194671,0.000000326,0.000000000,0.000000327,-1.000000000,-0.996194671,0.087156050,0.000000028}", "T": "{-100.168,93.000,78.177}", "sco": "53.459", "zsco": "4.426872", "Overlap": "0.3409,105/308", "CC": "0.697788", "PCC": "0.286829", "Score": "53.5", "Std": "4.451320", "Ave": "33.753405"}, "J119_class_02_final_volume_SAMIV": {"R": "{335.0,355.0,145.0}", "MTX": "{-0.816034531,-0.550009725,-0.177699037,0.571394170,-0.721275910,-0.391496826,0.087157027,-0.421011122,0.902858398}", "T": "{139.762,46.559,-48.934}", "sco": "31.250", "zsco": "6.495197", "Overlap": "0.2196,56/255", "CC": "0.506088", "PCC": "0.167646", "Score": "31.3", "Std": "2.417212", "Ave": "15.549990"}, "J119_class_00_axis_flipped_final_volume_FMN": {"R": "{240.0,115.0,55.0}", "MTX": "{-0.242403729,-0.040615273,-0.969324936,-0.346188255,-0.929729062,0.125529138,-0.906307964,0.365997639,0.211309261}", "T": "{121.702,105.933,28.294}", "sco": "54.270", "zsco": "3.944504", "Overlap": "0.2222,92/414", "CC": "0.578650", "PCC": "0.301995", "Score": "54.3", "Std": "4.902186", "Ave": "34.933005"}, "J119_class_00_axis_flipped_final_volume_SAMIV": {"R": "{0.0,175.0,175.0}", "MTX": "{0.992403766,-0.087156376,-0.086824715,-0.086824715,-0.996194643,0.007596234,-0.087156376,-0.000000000,-0.996194643}", "T": "{-77.384,99.486,107.168}", "sco": "29.192", "zsco": "5.306791", "Overlap": "0.1522,51/335", "CC": "0.415928", "PCC": "0.142287", "Score": "29.2", "Std": "2.494413", "Ave": "15.954342"}, "J119_class_01_axis_flipped_final_volume_FMN": {"R": "{265.0,125.0,5.0}", "MTX": "{-0.571393435,-0.805333650,-0.157946998,-0.049990438,-0.157947176,0.986181345,-0.819152305,0.571393386,0.049990998}", "T": "{138.982,-59.929,17.008}", "sco": "59.033", "zsco": "5.339437", "Overlap": "0.3465,105/303", "CC": "0.637312", "PCC": "0.239291", "Score": "59.0", "Std": "4.637557", "Ave": "34.270941"}, "J119_class_01_axis_flipped_final_volume_SAMIV": {"R": "{5.0,5.0,60.0}", "MTX": "{0.498097538,-0.858931747,0.118891114,0.862729809,0.504675970,0.031613963,-0.087155725,0.086824071,0.992403880}", "T": "{20.807,-127.316,-85.318}", "sco": "36.366", "zsco": "7.548002", "Overlap": "0.2184,57/261", "CC": "0.493799", "PCC": "0.245755", "Score": "36.4", "Std": "2.658697", "Ave": "16.297889"}, "J119_class_02_axis_flipped_final_volume_FMN": {"R": "{85.0,85.0,175.0}", "MTX": "{-0.086824390,-0.996223577,0.000330722,0.007596205,-0.000330070,0.999971094,-0.996194671,0.086824393,0.007596177}", "T": "{100.114,-86.622,77.553}", "sco": "55.248", "zsco": "4.692563", "Overlap": "0.3567,107/300", "CC": "0.691830", "PCC": "0.303523", "Score": "55.2", "Std": "4.600080", "Ave": "33.661863"}, "J119_class_02_axis_flipped_final_volume_SAMIV": {"R": "{215.0,0.0,65.0}", "MTX": "{0.422618476,0.742404201,-0.519836154,0.906307687,-0.346188978,0.242403729,-0.000000000,-0.573575797,-0.819152492}", "T": "{-55.486,-69.017,126.775}", "sco": "32.110", "zsco": "7.245053", "Overlap": "0.2231,56/251", "CC": "0.478570", "PCC": "0.206454", "Score": "32.1", "Std": "2.268884", "Ave": "15.671948"}, "J120_class_00_final_volume_FMN": {"R": "{65.0,330.0,60.0}", "MTX": "{0.433012566,-0.592575768,0.679230504,0.749999387,-0.181134188,-0.636153539,0.500001038,0.784884938,0.365998083}", "T": "{-44.691,-1.213,-141.976}", "sco": "54.488", "zsco": "4.929924", "Overlap": "0.3054,91/298", "CC": "0.602358", "PCC": "0.255994", "Score": "54.5", "Std": "4.470492", "Ave": "32.449016"}, "J120_class_00_final_volume_SAMIV": {"R": "{355.0,185.0,30.0}", "MTX": "{-0.862730021,-0.491518716,-0.118769791,-0.498097284,0.866527960,0.032068506,0.087155074,0.086825373,-0.992403823}", "T": "{133.680,-34.443,77.384}", "sco": "38.682", "zsco": "8.628657", "Overlap": "0.2800,63/225", "CC": "0.588617", "PCC": "0.231645", "Score": "38.7", "Std": "2.647422", "Ave": "15.838517"}, "J120_class_01_final_volume_FMN": {"R": "{5.0,115.0,90.0}", "MTX": "{-0.000000138,-0.996194674,0.087156020,-0.422617883,0.078990253,0.902859161,-0.906307964,-0.036833568,-0.421009695}", "T": "{85.177,-48.094,117.317}", "sco": "56.825", "zsco": "5.106873", "Overlap": "0.3099,97/313", "CC": "0.691206", "PCC": "0.354745", "Score": "56.8", "Std": "4.514075", "Ave": "33.772266"}, "J120_class_01_final_volume_SAMIV": {"R": "{185.0,335.0,85.0}", "MTX": "{0.078990162,0.995614164,-0.050129747,0.902858476,-0.050131142,0.427005201,0.422619364,-0.078989277,-0.902858553}", "T": "{-95.105,-110.057,55.094}", "sco": "33.963", "zsco": "7.078510", "Overlap": "0.2174,55/253", "CC": "0.534238", "PCC": "0.201464", "Score": "34.0", "Std": "2.557530", "Ave": "15.859272"}, "J120_class_02_final_volume_FMN": {"R": "{265.0,85.0,90.0}", "MTX": "{0.000000028,0.087156377,-0.996194643,0.087156050,-0.992403795,-0.086824716,-0.996194671,-0.086824388,-0.007596234}", "T": "{85.177,85.318,100.793}", "sco": "60.308", "zsco": "4.346407", "Overlap": "0.2565,99/386", "CC": "0.689642", "PCC": "0.399699", "Score": "60.3", "Std": "5.489652", "Ave": "36.447512"}, "J120_class_02_final_volume_SAMIV": {"R": "{175.0,5.0,120.0}", "MTX": "{-0.498096974,0.858931999,0.118891655,0.862730134,0.504675429,-0.031613711,-0.087155725,0.086824720,-0.992403823}", "T": "{-48.256,-121.878,92.375}", "sco": "27.822", "zsco": "5.299681", "Overlap": "0.1365,43/315", "CC": "0.460436", "PCC": "0.220036", "Score": "27.8", "Std": "2.251427", "Ave": "15.889928"}, "J120_class_03_final_volume_FMN": {"R": "{295.0,145.0,0.0}", "MTX": "{-0.819151742,-0.519837441,0.242403502,-0.000000000,0.422617291,0.906308240,-0.573576868,0.742403974,-0.346187690}", "T": "{94.306,-107.288,15.253}", "sco": "55.439", "zsco": "4.478047", "Overlap": "0.2795,97/347", "CC": "0.567230", "PCC": "0.163194", "Score": "55.4", "Std": "4.737673", "Ave": "34.223190"}, "J120_class_03_final_volume_SAMIV": {"R": "{335.0,205.0,145.0}", "MTX": "{0.742403861,-0.666142611,0.071347950,-0.519837362,-0.639958696,-0.565881599,0.422617587,0.383023354,-0.821393624}", "T": "{-12.694,148.408,1.355}", "sco": "33.405", "zsco": "6.757916", "Overlap": "0.1950,55/282", "CC": "0.472014", "PCC": "0.198723", "Score": "33.4", "Std": "2.552910", "Ave": "16.152770"}, "J120_class_00_axis_flipped_final_volume_FMN": {"R": "{90.0,185.0,35.0}", "MTX": "{-0.816035044,-0.071393450,0.573576309,-0.571393735,-0.049989820,-0.819152134,0.087155074,-0.996194757,-0.000000326}", "T": "{33.991,130.886,78.177}", "sco": "54.156", "zsco": "5.007338", "Overlap": "0.3121,93/298", "CC": "0.592472", "PCC": "0.198731", "Score": "54.2", "Std": "4.244651", "Ave": "32.901366"}, "J120_class_00_axis_flipped_final_volume_SAMIV": {"R": "{5.0,0.0,355.0}", "MTX": "{0.996194586,0.086825368,-0.007596234,-0.087157027,0.992403766,-0.086824061,-0.000000000,0.087155725,0.996194700}", "T": "{-92.486,-70.384,-93.168}", "sco": "34.246", "zsco": "7.028018", "Overlap": "0.2574,61/237", "CC": "0.585703", "PCC": "0.166014", "Score": "34.2", "Std": "2.612597", "Ave": "15.884760"}, "J120_class_01_axis_flipped_final_volume_FMN": {"R": "{215.0,115.0,60.0}", "MTX": "{-0.211309021,0.449488524,-0.867933502,-0.365997777,-0.859767796,-0.356153006,-0.906307964,0.242403389,0.346188492}", "T": "{61.159,143.045,20.324}", "sco": "53.756", "zsco": "4.232484", "Overlap": "0.2779,92/331", "CC": "0.647867", "PCC": "0.299649", "Score": "53.8", "Std": "4.707095", "Ave": "33.833104"}, "J120_class_01_axis_flipped_final_volume_SAMIV": {"R": "{330.0,325.0,120.0}", "MTX": "{-0.409575375,-0.893394210,-0.184647768,0.709406072,-0.184645197,-0.680183193,0.573577403,-0.409576534,0.709405403}", "T": "{134.935,20.366,-75.113}", "sco": "34.067", "zsco": "6.982118", "Overlap": "0.1954,51/261", "CC": "0.473004", "PCC": "0.184317", "Score": "34.1", "Std": "2.616880", "Ave": "15.795439"}, "J120_class_02_axis_flipped_final_volume_FMN": {"R": "{185.0,240.0,115.0}", "MTX": "{0.211309261,0.870960690,-0.443594266,-0.453154666,0.489416458,0.745065353,0.866024968,0.043577603,0.498098130}", "T": "{-54.926,-67.194,-121.062}", "sco": "54.412", "zsco": "3.615025", "Overlap": "0.2592,99/382", "CC": "0.633266", "PCC": "0.282774", "Score": "54.4", "Std": "5.099786", "Ave": "35.976047"}, "J120_class_02_axis_flipped_final_volume_SAMIV": {"R": "{335.0,150.0,65.0}", "MTX": "{-0.365998221,-0.910696709,-0.191511899,-0.784885234,0.191510428,0.589303763,-0.500000472,0.365998990,-0.784884875}", "T": "{126.266,7.350,79.024}", "sco": "27.979", "zsco": "5.054327", "Overlap": "0.1617,49/303", "CC": "0.421561", "PCC": "0.126059", "Score": "28.0", "Std": "2.395277", "Ave": "15.872165"}, "J120_class_03_axis_flipped_final_volume_FMN": {"R": "{275.0,240.0,85.0}", "MTX": "{-0.043578091,-0.011630995,-0.998982317,-0.498098087,0.867042651,0.011633434,0.866024968,0.498098144,-0.043577440}", "T": "{104.660,-32.730,-120.567}", "sco": "55.611", "zsco": "4.151817", "Overlap": "0.2970,98/330", "CC": "0.600219", "PCC": "0.281397", "Score": "55.6", "Std": "5.142624", "Ave": "34.259531"}, "J120_class_03_axis_flipped_final_volume_SAMIV": {"R": "{180.0,325.0,145.0}", "MTX": "{-0.671009270,0.573577175,-0.469846554,0.469846275,0.819151527,0.328991266,0.573577403,0.000000535,-0.819151367}", "T": "{41.786,-146.147,21.119}", "sco": "27.209", "zsco": "4.496349", "Overlap": "0.1592,46/289", "CC": "0.431882", "PCC": "0.092962", "Score": "27.2", "Std": "2.506473", "Ave": "15.938722"}, "J121_class_00_final_volume_FMN": {"R": "{95.0,215.0,125.0}", "MTX": "{0.469846263,0.399131000,0.787362009,-0.671010652,-0.418067794,0.612343062,0.573575797,-0.816035394,0.071393562}", "T": "{-149.445,33.999,14.712}", "sco": "56.400", "zsco": "4.294633", "Overlap": "0.2473,90/364", "CC": "0.656735", "PCC": "0.392255", "Score": "56.4", "Std": "5.082399", "Ave": "34.572693"}, "J121_class_00_final_volume_SAMIV": {"R": "{150.0,325.0,355.0}", "MTX": "{0.816034157,-0.361177797,0.451263619,-0.071394798,-0.837733873,-0.541391486,0.573577403,0.409576070,-0.709405671}", "T": "{-84.926,131.745,-23.542}", "sco": "28.449", "zsco": "5.705347", "Overlap": "0.1498,43/287", "CC": "0.357196", "PCC": "0.150927", "Score": "28.4", "Std": "2.293895", "Ave": "15.361348"}, "J121_class_01_final_volume_FMN": {"R": "{90.0,300.0,25.0}", "MTX": "{0.453153058,-0.784886232,0.422617923,0.211308691,-0.365998014,-0.906307945,0.866025948,0.499999057,0.000000163}", "T": "{-7.816,98.246,-124.478}", "sco": "60.698", "zsco": "5.048100", "Overlap": "0.3344,106/317", "CC": "0.657023", "PCC": "0.272354", "Score": "60.7", "Std": "4.844872", "Ave": "36.240655"}, "J121_class_01_final_volume_SAMIV": {"R": "{150.0,205.0,5.0}", "MTX": "{-0.902859327,-0.135025851,0.408182625,-0.078989939,-0.881146434,-0.466199047,0.422617587,-0.453154478,0.784885593}", "T": "{61.154,129.665,-71.874}", "sco": "30.049", "zsco": "5.492384", "Overlap": "0.1919,52/271", "CC": "0.466043", "PCC": "0.275171", "Score": "30.0", "Std": "2.512269", "Ave": "16.250354"}, "J121_class_02_final_volume_FMN": {"R": "{235.0,270.0,95.0}", "MTX": "{0.000000085,0.500001038,-0.866024805,-0.000000977,0.866024805,0.500001038,1.000000000,0.000000803,0.000000562}", "T": "{38.478,-131.478,-93.000}", "sco": "62.175", "zsco": "4.693781", "Overlap": "0.2537,104/410", "CC": "0.679019", "PCC": "0.332382", "Score": "62.2", "Std": "5.293192", "Ave": "37.329811"}, "J121_class_02_final_volume_SAMIV": {"R": "{355.0,0.0,155.0}", "MTX": "{-0.906307549,-0.421010532,-0.036834196,0.422618772,-0.902858674,-0.078991071,-0.000000000,-0.087157027,0.996194586}", "T": "{131.317,48.094,-78.177}", "sco": "29.610", "zsco": "5.439555", "Overlap": "0.1574,54/343", "CC": "0.436344", "PCC": "0.198270", "Score": "29.6", "Std": "2.380166", "Ave": "16.662602"}, "J121_class_03_final_volume_FMN": {"R": "{85.0,215.0,145.0}", "MTX": "{0.671010191,0.418067002,0.612344107,-0.469846921,-0.399131925,0.787361148,0.573575797,-0.816035347,-0.071394096}", "T": "{-160.322,0.019,33.991}", "sco": "60.062", "zsco": "6.026633", "Overlap": "0.3170,97/306", "CC": "0.624829", "PCC": "0.347047", "Score": "60.1", "Std": "4.378951", "Ave": "33.672113"}, "J121_class_03_final_volume_SAMIV": {"R": "{335.0,0.0,150.0}", "MTX": "{-0.866025131,-0.453154064,-0.211309881,0.500000472,-0.784884875,-0.365998990,-0.000000000,-0.422619364,0.906307273}", "T": "{138.622,62.976,-34.597}", "sco": "31.745", "zsco": "5.864859", "Overlap": "0.2101,54/257", "CC": "0.510205", "PCC": "0.179858", "Score": "31.7", "Std": "2.655355", "Ave": "16.172100"}, "J121_class_04_final_volume_FMN": {"R": "{335.0,95.0,30.0}", "MTX": "{-0.075478794,-0.817759953,0.570588828,-0.043577691,0.574379620,0.817428307,-0.996194728,0.036833559,-0.078989572}", "T": "{27.748,-122.948,89.298}", "sco": "57.871", "zsco": "4.514232", "Overlap": "0.3175,107/337", "CC": "0.667970", "PCC": "0.379045", "Score": "57.9", "Std": "4.911257", "Ave": "35.700167"}, "J121_class_04_final_volume_SAMIV": {"R": "{185.0,25.0,35.0}", "MTX": "{0.742403974,0.541221644,-0.394861332,0.519836718,-0.837161764,-0.170088117,-0.422618179,-0.078989325,-0.902859104}", "T": "{-83.434,41.918,127.784}", "sco": "35.232", "zsco": "7.284896", "Overlap": "0.2123,62/292", "CC": "0.483632", "PCC": "0.174430", "Score": "35.2", "Std": "2.531485", "Ave": "16.790588"}, "J121_class_00_axis_flipped_final_volume_FMN": {"R": "{115.0,90.0,30.0}", "MTX": "{0.000000283,0.996194671,0.087156050,0.000000163,0.087156050,-0.996194671,-1.000000000,0.000000296,-0.000000138}", "T": "{-100.168,85.177,86.000}", "sco": "60.046", "zsco": "4.778357", "Overlap": "0.2861,101/353", "CC": "0.643758", "PCC": "0.304767", "Score": "60.0", "Std": "5.299152", "Ave": "34.724296"}, "J121_class_00_axis_flipped_final_volume_SAMIV": {"R": "{355.0,335.0,125.0}", "MTX": "{-0.519836159,-0.837162333,0.170087023,0.742403691,-0.541220511,-0.394863416,0.422619364,-0.078991047,0.902858398}", "T": "{109.074,23.657,-114.198}", "sco": "27.065", "zsco": "5.081744", "Overlap": "0.1753,51/291", "CC": "0.457677", "PCC": "0.083264", "Score": "27.1", "Std": "2.310156", "Ave": "15.325651"}, "J121_class_01_axis_flipped_final_volume_FMN": {"R": "{90.0,90.0,90.0}", "MTX": "{0.000000000,-0.000000000,1.000000000,0.000000327,1.000000000,-0.000000000,-1.000000000,0.000000327,0.000000000}", "T": "{-79.000,-100.000,86.000}", "sco": "58.672", "zsco": "4.477260", "Overlap": "0.3086,100/324", "CC": "0.683075", "PCC": "0.293274", "Score": "58.7", "Std": "5.009513", "Ave": "36.243598"}, "J121_class_01_axis_flipped_final_volume_SAMIV": {"R": "{355.0,180.0,145.0}", "MTX": "{0.819151742,-0.571394123,-0.049991788,-0.573576868,-0.816034563,-0.071394457,-0.000000654,0.087157027,-0.996194586}", "T": "{-17.008,132.647,85.177}", "sco": "33.252", "zsco": "6.600794", "Overlap": "0.1933,52/269", "CC": "0.543637", "PCC": "0.223572", "Score": "33.3", "Std": "2.552821", "Ave": "16.401578"}, "J121_class_02_axis_flipped_final_volume_FMN": {"R": "{300.0,240.0,355.0}", "MTX": "{-0.498098045,0.790724464,-0.355883631,0.043578579,0.432728575,0.900470370,0.866024968,0.433013628,-0.249999906}", "T": "{-1.560,-118.403,-97.217}", "sco": "61.578", "zsco": "4.600315", "Overlap": "0.2506,101/403", "CC": "0.611022", "PCC": "0.283678", "Score": "61.6", "Std": "5.269256", "Ave": "37.337685"}, "J121_class_02_axis_flipped_final_volume_SAMIV": {"R": "{5.0,300.0,95.0}", "MTX": "{-0.043577617,-0.985825495,0.162015691,0.498096424,-0.162015647,-0.851851444,0.866025948,0.043577780,0.498096410}", "T": "{67.595,51.356,-135.062}", "sco": "31.080", "zsco": "5.740271", "Overlap": "0.1574,54/343", "CC": "0.316182", "PCC": "0.029495", "Score": "31.1", "Std": "2.478808", "Ave": "16.850475"}, "J121_class_03_axis_flipped_final_volume_FMN": {"R": "{295.0,125.0,25.0}", "MTX": "{-0.519836476,-0.851452743,-0.069269510,-0.242403672,0.069267727,0.967699562,-0.819152305,0.519836713,-0.242403163}", "T": "{130.888,-68.332,46.588}", "sco": "56.236", "zsco": "5.551463", "Overlap": "0.3204,99/309", "CC": "0.618218", "PCC": "0.255739", "Score": "56.2", "Std": "4.191221", "Ave": "32.968298"}, "J121_class_03_axis_flipped_final_volume_SAMIV": {"R": "{205.0,355.0,35.0}", "MTX": "{0.816034904,0.550009602,-0.177697703,0.571393637,-0.721277037,0.391495528,0.087157027,-0.421009352,-0.902859224}", "T": "{-109.198,-13.779,120.357}", "sco": "30.281", "zsco": "5.469081", "Overlap": "0.2324,56/241", "CC": "0.478400", "PCC": "0.214232", "Score": "30.3", "Std": "2.608553", "Ave": "16.014164"}, "J121_class_04_axis_flipped_final_volume_FMN": {"R": "{305.0,120.0,35.0}", "MTX": "{-0.409575749,-0.910101765,-0.062948254,-0.286787950,0.062946424,0.955923857,-0.866025622,0.409576031,-0.286787548}", "T": "{125.906,-55.959,63.918}", "sco": "58.990", "zsco": "4.586615", "Overlap": "0.2923,102/349", "CC": "0.629658", "PCC": "0.260729", "Score": "59.0", "Std": "4.916265", "Ave": "36.440875"}, "J121_class_04_axis_flipped_final_volume_SAMIV": {"R": "{235.0,335.0,25.0}", "MTX": "{0.821393374,0.556158205,-0.126494968,0.383021930,-0.373531551,0.844848141,0.422619364,-0.742403012,-0.519837129}", "T": "{-114.591,-73.473,72.207}", "sco": "34.253", "zsco": "6.859686", "Overlap": "0.1993,58/291", "CC": "0.433810", "PCC": "0.167091", "Score": "34.3", "Std": "2.514384", "Ave": "17.005015"}, "J122_class_00_final_volume_FMN": {"R": "{265.0,55.0,90.0}", "MTX": "{0.000000187,0.087156435,-0.996194638,0.573576600,-0.816034769,-0.071394255,-0.819151930,-0.571393920,-0.049991044}", "T": "{85.177,19.991,123.886}", "sco": "56.006", "zsco": "3.903388", "Overlap": "0.2471,86/348", "CC": "0.617202", "PCC": "0.295149", "Score": "56.0", "Std": "5.150969", "Ave": "35.899411"}, "J122_class_00_final_volume_SAMIV": {"R": "{210.0,335.0,30.0}", "MTX": "{0.784885171,0.616012133,0.066965060,0.453153551,-0.644345696,0.616011756,0.422619364,-0.453153038,-0.784885468}", "T": "{-140.236,-29.534,63.126}", "sco": "31.209", "zsco": "6.509058", "Overlap": "0.1785,53/297", "CC": "0.379404", "PCC": "0.077374", "Score": "31.2", "Std": "2.386120", "Ave": "15.677124"}, "J122_class_01_final_volume_FMN": {"R": "{265.0,270.0,150.0}", "MTX": "{0.000000849,-0.819151180,-0.573577671,-0.000000490,0.573577671,-0.819151180,1.000000000,0.000000977,0.000000085}", "T": "{119.775,7.119,-93.000}", "sco": "53.967", "zsco": "4.424624", "Overlap": "0.2523,81/321", "CC": "0.563327", "PCC": "0.256158", "Score": "54.0", "Std": "4.639334", "Ave": "33.439714"}, "J122_class_01_final_volume_SAMIV": {"R": "{210.0,335.0,30.0}", "MTX": "{0.784885171,0.616012133,0.066965060,0.453153551,-0.644345696,0.616011756,0.422619364,-0.453153038,-0.784885468}", "T": "{-133.236,-36.534,70.126}", "sco": "29.239", "zsco": "5.298097", "Overlap": "0.2090,51/244", "CC": "0.413189", "PCC": "0.102283", "Score": "29.2", "Std": "2.544694", "Ave": "15.757380"}, "J122_class_02_final_volume_FMN": {"R": "{85.0,60.0,115.0}", "MTX": "{-0.211309021,-0.443595257,0.870960243,0.453154153,0.745065168,0.489417214,-0.866025295,0.498097524,0.043578042}", "T": "{-18.581,-159.137,27.894}", "sco": "54.794", "zsco": "3.885596", "Overlap": "0.2849,104/365", "CC": "0.694312", "PCC": "0.335697", "Score": "54.8", "Std": "4.920030", "Ave": "35.676652"}, "J122_class_02_final_volume_SAMIV": {"R": "{355.0,330.0,155.0}", "MTX": "{-0.784884818,-0.460506150,0.414596078,0.365998339,-0.884441537,-0.289496774,0.500001038,-0.075480147,0.862729222}", "T": "{71.448,76.483,-103.704}", "sco": "29.697", "zsco": "5.265869", "Overlap": "0.1551,47/303", "CC": "0.393814", "PCC": "0.087739", "Score": "29.7", "Std": "2.547744", "Ave": "16.281377"}, "J122_class_00_axis_flipped_final_volume_FMN": {"R": "{180.0,90.0,145.0}", "MTX": "{-0.000000268,0.573576332,0.819152117,0.000000187,0.819152117,-0.573576332,-1.000000000,0.000000000,-0.000000327}", "T": "{-112.775,-28.120,93.000}", "sco": "61.484", "zsco": "4.850848", "Overlap": "0.2920,99/339", "CC": "0.698346", "PCC": "0.326468", "Score": "61.5", "Std": "5.182482", "Ave": "36.344908"}, "J122_class_00_axis_flipped_final_volume_SAMIV": {"R": "{245.0,300.0,30.0}", "MTX": "{0.433011912,0.891040523,-0.136189100,0.249999481,0.026443922,0.967884796,0.866025948,-0.453152851,-0.211309135}", "T": "{-102.156,-107.012,-31.335}", "sco": "29.149", "zsco": "5.379337", "Overlap": "0.1405,43/306", "CC": "0.383472", "PCC": "0.100870", "Score": "29.1", "Std": "2.428544", "Ave": "16.085405"}, "J122_class_01_axis_flipped_final_volume_FMN": {"R": "{295.0,60.0,30.0}", "MTX": "{0.433012893,-0.891039743,-0.136191086,0.250000047,-0.026445523,0.967884606,-0.866025295,-0.453154291,0.211308725}", "T": "{58.103,-95.464,102.277}", "sco": "52.642", "zsco": "4.087490", "Overlap": "0.2839,88/310", "CC": "0.600778", "PCC": "0.299056", "Score": "52.6", "Std": "4.596238", "Ave": "33.855389"}, "J122_class_01_axis_flipped_final_volume_SAMIV": {"R": "{185.0,5.0,0.0}", "MTX": "{0.996194700,-0.007596064,-0.086824076,0.000000000,-0.996194757,0.087155074,-0.087155725,-0.086823422,-0.992403936}", "T": "{-84.553,85.177,107.309}", "sco": "33.846", "zsco": "6.929247", "Overlap": "0.2137,53/248", "CC": "0.498181", "PCC": "0.171807", "Score": "33.8", "Std": "2.635833", "Ave": "15.581606"}, "J122_class_02_axis_flipped_final_volume_FMN": {"R": "{115.0,60.0,115.0}", "MTX": "{-0.211309021,0.051315253,0.976071331,0.453154153,0.889953964,0.051315253,-0.866025295,0.453154153,-0.211309021}", "T": "{-70.183,-126.920,53.679}", "sco": "59.184", "zsco": "4.914262", "Overlap": "0.2648,94/355", "CC": "0.674562", "PCC": "0.350409", "Score": "59.2", "Std": "4.750030", "Ave": "35.840726"}, "J122_class_02_axis_flipped_final_volume_SAMIV": {"R": "{355.0,180.0,125.0}", "MTX": "{0.573576065,-0.816035058,-0.071395253,-0.819152305,-0.571393417,-0.049990651,-0.000000654,0.087157027,-0.996194586}", "T": "{33.991,130.886,85.177}", "sco": "30.823", "zsco": "6.098715", "Overlap": "0.1706,51/299", "CC": "0.518299", "PCC": "0.211605", "Score": "30.8", "Std": "2.366808", "Ave": "16.388504"}, "J123_class_00_final_volume_FMN": {"R": "{275.0,270.0,115.0}", "MTX": "{0.000000414,-0.499998774,-0.866026112,-0.000000889,0.866026112,-0.499998774,1.000000000,0.000000977,-0.000000085}", "T": "{124.478,-38.478,-93.000}", "sco": "52.814", "zsco": "3.994588", "Overlap": "0.2564,90/351", "CC": "0.694138", "PCC": "0.363271", "Score": "52.8", "Std": "4.588325", "Ave": "34.485859"}, "J123_class_00_final_volume_SAMIV": {"R": "{0.0,175.0,0.0}", "MTX": "{-0.996194643,0.000000000,0.087156376,-0.000000000,1.000000000,0.000000000,-0.087156376,-0.000000000,-0.996194643}", "T": "{78.177,-86.000,100.168}", "sco": "26.425", "zsco": "4.689802", "Overlap": "0.1719,49/285", "CC": "0.487911", "PCC": "0.208408", "Score": "26.4", "Std": "2.287214", "Ave": "15.698209"}, "J123_class_01_final_volume_FMN": {"R": "{185.0,305.0,125.0}", "MTX": "{-0.328989195,0.775085736,-0.539451770,0.469845717,0.629875464,0.618467382,0.819152680,-0.049990017,-0.571392935}", "T": "{8.029,-147.764,-24.008}", "sco": "55.554", "zsco": "4.812729", "Overlap": "0.3054,91/298", "CC": "0.586877", "PCC": "0.286204", "Score": "55.6", "Std": "4.485222", "Ave": "33.967495"}, "J123_class_01_final_volume_SAMIV": {"R": "{335.0,180.0,65.0}", "MTX": "{-0.422618476,-0.821393365,-0.383022928,-0.906307687,0.383021948,0.178607288,-0.000000654,0.422619364,-0.906307273}", "T": "{139.925,36.642,48.597}", "sco": "30.239", "zsco": "5.050073", "Overlap": "0.2033,50/246", "CC": "0.473889", "PCC": "0.156129", "Score": "30.2", "Std": "2.763651", "Ave": "16.282111"}, "J123_class_02_final_volume_FMN": {"R": "{215.0,60.0,85.0}", "MTX": "{0.043578042,0.772742223,-0.633222245,0.498097524,-0.566235019,-0.656716651,-0.866025295,-0.286788007,-0.409576401}", "T": "{-15.746,55.337,134.366}", "sco": "50.350", "zsco": "4.383455", "Overlap": "0.2676,91/340", "CC": "0.637175", "PCC": "0.248677", "Score": "50.3", "Std": "4.227649", "Ave": "31.817863"}, "J123_class_02_final_volume_SAMIV": {"R": "{30.0,5.0,0.0}", "MTX": "{0.996194700,0.043577854,0.075479076,0.000000000,0.866025458,-0.499999906,-0.087155725,0.498097256,0.862729971}", "T": "{-95.912,-24.478,-109.536}", "sco": "27.940", "zsco": "5.258573", "Overlap": "0.2045,54/264", "CC": "0.465251", "PCC": "0.134892", "Score": "27.9", "Std": "2.359757", "Ave": "15.530596"}, "J123_class_03_final_volume_FMN": {"R": "{295.0,85.0,0.0}", "MTX": "{0.087156050,-0.902859439,0.421009093,0.000000000,0.422617291,0.906308240,-0.996194671,-0.078990246,0.036833654}", "T": "{33.944,-114.288,96.298}", "sco": "61.499", "zsco": "4.918287", "Overlap": "0.2670,98/367", "CC": "0.765444", "PCC": "0.394082", "Score": "61.5", "Std": "4.989440", "Ave": "36.959735"}, "J123_class_03_final_volume_SAMIV": {"R": "{180.0,355.0,125.0}", "MTX": "{-0.571393370,0.819152337,-0.049990649,0.816035091,0.573576018,0.071395254,0.087157027,0.000000651,-0.996194586}", "T": "{-24.008,-132.647,85.177}", "sco": "29.423", "zsco": "5.340885", "Overlap": "0.1945,57/293", "CC": "0.438860", "PCC": "0.159765", "Score": "29.4", "Std": "2.407728", "Ave": "16.563640"}, "J123_class_00_axis_flipped_final_volume_FMN": {"R": "{95.0,115.0,5.0}", "MTX": "{-0.421009695,0.907019657,0.008135020,-0.036833568,-0.008134397,-0.999288307,-0.906307964,-0.421009707,0.036833430}", "T": "{-49.496,96.806,110.982}", "sco": "57.486", "zsco": "4.252996", "Overlap": "0.3166,107/338", "CC": "0.716875", "PCC": "0.325941", "Score": "57.5", "Std": "5.208159", "Ave": "35.335626"}, "J123_class_00_axis_flipped_final_volume_SAMIV": {"R": "{0.0,25.0,115.0}", "MTX": "{-0.383021895,-0.906307964,-0.178606000,0.821394000,-0.422617883,0.383022222,-0.422618179,0.000000000,0.906307825}", "T": "{133.242,-74.235,-34.597}", "sco": "30.633", "zsco": "6.017475", "Overlap": "0.1978,55/278", "CC": "0.464141", "PCC": "0.194766", "Score": "30.6", "Std": "2.418529", "Ave": "16.079401"}, "J123_class_01_axis_flipped_final_volume_FMN": {"R": "{265.0,0.0,90.0}", "MTX": "{0.000000327,0.087156701,-0.996194614,1.000000000,-0.000000028,0.000000326,-0.000000000,-0.996194614,-0.087156701}", "T": "{85.177,-100.000,100.168}", "sco": "56.367", "zsco": "4.874155", "Overlap": "0.3117,96/308", "CC": "0.661939", "PCC": "0.366514", "Score": "56.4", "Std": "4.609801", "Ave": "33.898399"}, "J123_class_01_axis_flipped_final_volume_SAMIV": {"R": "{155.0,155.0,90.0}", "MTX": "{-0.000000296,0.906307608,0.422618647,-0.906307549,0.178606330,-0.383022721,-0.422618772,-0.383022583,0.821393374}", "T": "{-121.288,102.522,5.645}", "sco": "35.610", "zsco": "6.988647", "Overlap": "0.2280,57/250", "CC": "0.499281", "PCC": "0.228083", "Score": "35.6", "Std": "2.740282", "Ave": "16.459128"}, "J123_class_02_axis_flipped_final_volume_FMN": {"R": "{330.0,245.0,115.0}", "MTX": "{0.178606376,-0.976396434,-0.121448612,-0.383023027,0.044700095,-0.922656633,0.906307411,0.211309973,-0.365998596}", "T": "{79.055,108.444,-64.639}", "sco": "57.597", "zsco": "5.879942", "Overlap": "0.3093,103/333", "CC": "0.660557", "PCC": "0.242381", "Score": "57.6", "Std": "4.187554", "Ave": "32.974350"}, "J123_class_02_axis_flipped_final_volume_SAMIV": {"R": "{5.0,5.0,85.0}", "MTX": "{0.086824395,-0.991741803,0.094391312,0.992403851,0.094391610,0.078897528,-0.087155725,0.086824071,0.992403880}", "T": "{76.705,-107.250,-85.318}", "sco": "32.874", "zsco": "6.545840", "Overlap": "0.2268,61/269", "CC": "0.501805", "PCC": "0.223123", "Score": "32.9", "Std": "2.583004", "Ave": "15.966076"}, "J123_class_03_axis_flipped_final_volume_FMN": {"R": "{125.0,240.0,60.0}", "MTX": "{-0.250000472,0.142028072,0.957772306,-0.433013301,-0.901151983,0.020605471,0.866024968,-0.409576771,0.286788465}", "T": "{-66.083,112.966,-63.918}", "sco": "57.555", "zsco": "4.227411", "Overlap": "0.2740,97/354", "CC": "0.652235", "PCC": "0.372213", "Score": "57.6", "Std": "4.902608", "Ave": "36.830080"}, "J123_class_03_axis_flipped_final_volume_SAMIV": {"R": "{205.0,185.0,35.0}", "MTX": "{-0.816035044,0.550008925,-0.177699153,-0.571393735,-0.721277510,0.391494512,0.087155074,0.421009424,0.902859379}", "T": "{38.160,77.501,-121.348}", "sco": "31.657", "zsco": "5.712371", "Overlap": "0.1747,51/292", "CC": "0.491793", "PCC": "0.194663", "Score": "31.7", "Std": "2.651587", "Ave": "16.509805"}, "J124_class_00_final_volume_FMN": {"R": "{325.0,115.0,60.0}", "MTX": "{-0.211309021,-0.969324787,-0.125530696,-0.365997777,-0.040616818,0.929728940,-0.906307964,0.242404068,-0.346188017}", "T": "{126.330,-30.988,86.868}", "sco": "55.795", "zsco": "4.490600", "Overlap": "0.2157,96/445", "CC": "0.529658", "PCC": "0.268673", "Score": "55.8", "Std": "4.487729", "Ave": "35.642400"}, "J124_class_00_final_volume_SAMIV": {"R": "{35.0,330.0,30.0}", "MTX": "{0.749999528,-0.657942350,-0.067915918,0.433012321,0.566012234,-0.701520122,0.500001038,0.496731331,0.709406052}", "T": "{-9.076,-18.585,-160.728}", "sco": "30.798", "zsco": "5.450776", "Overlap": "0.1534,58/378", "CC": "0.378738", "PCC": "0.043255", "Score": "30.8", "Std": "2.579398", "Ave": "16.737871"}, "J124_class_01_final_volume_FMN": {"R": "{205.0,90.0,60.0}", "MTX": "{0.000000163,0.573576868,-0.819151742,0.000000283,-0.819151742,-0.573576868,-1.000000000,-0.000000138,-0.000000296}", "T": "{21.119,112.775,86.000}", "sco": "63.488", "zsco": "4.572498", "Overlap": "0.2584,100/387", "CC": "0.701158", "PCC": "0.314072", "Score": "63.5", "Std": "5.293212", "Ave": "39.284794"}, "J124_class_01_final_volume_SAMIV": {"R": "{265.0,0.0,0.0}", "MTX": "{1.000000000,0.000000000,-0.000000000,0.000000000,-0.087156701,0.996194614,-0.000000000,-0.996194614,-0.087156701}", "T": "{-86.000,-78.177,86.168}", "sco": "32.249", "zsco": "5.832242", "Overlap": "0.1662,54/325", "CC": "0.497998", "PCC": "0.141111", "Score": "32.2", "Std": "2.621675", "Ave": "16.959240"}, "J124_class_02_final_volume_FMN": {"R": "{35.0,275.0,90.0}", "MTX": "{0.000000028,-0.819152304,0.573576066,0.087154748,-0.571393483,-0.816035255,0.996194785,0.049989901,0.071392996}", "T": "{28.120,125.824,-103.112}", "sco": "57.196", "zsco": "4.717838", "Overlap": "0.2794,95/340", "CC": "0.622551", "PCC": "0.267370", "Score": "57.2", "Std": "4.882058", "Ave": "34.163238"}, "J124_class_02_final_volume_SAMIV": {"R": "{205.0,180.0,90.0}", "MTX": "{-0.000000327,0.906308102,-0.422617587,-1.000000000,-0.000000572,-0.000000454,-0.000000654,0.422617587,0.906308102}", "T": "{-48.597,93.000,-121.288}", "sco": "29.557", "zsco": "6.181614", "Overlap": "0.1851,52/281", "CC": "0.445309", "PCC": "0.095165", "Score": "29.6", "Std": "2.290433", "Ave": "15.398218"}, "J124_class_03_final_volume_FMN": {"R": "{205.0,115.0,155.0}", "MTX": "{0.383021778,0.730158261,0.565829684,-0.178606251,0.659521720,-0.730158139,-0.906307964,0.178605750,0.383022012}", "T": "{-144.395,21.435,22.642}", "sco": "51.008", "zsco": "4.204635", "Overlap": "0.2601,84/323", "CC": "0.591538", "PCC": "0.274792", "Score": "51.0", "Std": "4.245112", "Ave": "33.159353"}, "J124_class_03_final_volume_SAMIV": {"R": "{330.0,335.0,115.0}", "MTX": "{-0.383021661,-0.874188613,-0.298477262,0.821393499,-0.174485525,-0.543017055,0.422619364,-0.453154577,0.784884579}", "T": "{133.789,-1.935,-64.874}", "sco": "33.556", "zsco": "6.522638", "Overlap": "0.2093,54/258", "CC": "0.481043", "PCC": "0.082978", "Score": "33.6", "Std": "2.690434", "Ave": "16.007282"}, "J124_class_04_final_volume_FMN": {"R": "{30.0,90.0,145.0}", "MTX": "{-0.000000268,-0.906307964,-0.422617883,0.000000187,-0.422617883,0.906307964,-1.000000000,0.000000163,0.000000283}", "T": "{121.288,-34.597,86.000}", "sco": "60.505", "zsco": "4.914863", "Overlap": "0.3503,103/294", "CC": "0.662024", "PCC": "0.277127", "Score": "60.5", "Std": "5.300701", "Ave": "34.452701"}, "J124_class_04_final_volume_SAMIV": {"R": "{175.0,175.0,30.0}", "MTX": "{-0.862729922,0.504675759,-0.031614234,-0.498097227,-0.858931806,-0.118891989,-0.087156376,-0.086824715,0.992403766}", "T": "{33.511,133.929,-70.384}", "sco": "33.328", "zsco": "6.386307", "Overlap": "0.2273,55/242", "CC": "0.495817", "PCC": "0.169210", "Score": "33.3", "Std": "2.714046", "Ave": "15.995211"}, "J124_class_00_axis_flipped_final_volume_FMN": {"R": "{265.0,265.0,90.0}", "MTX": "{-0.000000028,0.087157026,-0.996194586,-0.087156701,0.992403681,0.086825362,0.996194614,0.086825036,0.007596291}", "T": "{85.177,-92.318,-100.793}", "sco": "54.382", "zsco": "4.207535", "Overlap": "0.2245,99/441", "CC": "0.698757", "PCC": "0.404384", "Score": "54.4", "Std": "4.419945", "Ave": "35.784837"}, "J124_class_00_axis_flipped_final_volume_SAMIV": {"R": "{0.0,0.0,125.0}", "MTX": "{-0.573576065,-0.819152305,0.000000000,0.819152305,-0.573576065,0.000000000,-0.000000000,0.000000000,1.000000000}", "T": "{126.775,-21.120,-79.000}", "sco": "32.977", "zsco": "6.782551", "Overlap": "0.1417,54/381", "CC": "0.511250", "PCC": "0.256713", "Score": "33.0", "Std": "2.432266", "Ave": "16.480003"}, "J124_class_01_axis_flipped_final_volume_FMN": {"R": "{95.0,265.0,355.0}", "MTX": "{-0.086825034,-0.996223521,-0.000332032,0.007596319,-0.000328770,-0.999971094,0.996194614,-0.086825046,0.007596177}", "T": "{93.171,92.373,-85.859}", "sco": "64.639", "zsco": "4.655915", "Overlap": "0.2883,111/385", "CC": "0.675559", "PCC": "0.272080", "Score": "64.6", "Std": "5.380764", "Ave": "39.587024"}, "J124_class_01_axis_flipped_final_volume_SAMIV": {"R": "{335.0,0.0,5.0}", "MTX": "{0.996194700,-0.078989867,-0.036833697,0.087155725,0.902858502,0.421011171,-0.000000000,-0.422619364,0.906307273}", "T": "{-75.712,-128.348,-34.597}", "sco": "32.117", "zsco": "6.022814", "Overlap": "0.1458,49/336", "CC": "0.492551", "PCC": "0.189169", "Score": "32.1", "Std": "2.490322", "Ave": "17.118461"}, "J124_class_02_axis_flipped_final_volume_FMN": {"R": "{325.0,5.0,90.0}", "MTX": "{0.000000326,-0.819151384,-0.573577380,0.996194700,-0.049990287,0.071393918,-0.087155725,-0.571394769,0.816034250}", "T": "{126.775,-87.513,0.456}", "sco": "57.196", "zsco": "4.757068", "Overlap": "0.2799,96/343", "CC": "0.542741", "PCC": "0.129953", "Score": "57.2", "Std": "4.805327", "Ave": "34.336631"}, "J124_class_02_axis_flipped_final_volume_SAMIV": {"R": "{330.0,5.0,150.0}", "MTX": "{-0.862729646,-0.395273209,-0.315367482,0.498097820,-0.771788242,-0.395273919,-0.087155725,-0.498098384,0.862729320}", "T": "{135.310,64.531,-30.863}", "sco": "26.549", "zsco": "4.916641", "Overlap": "0.1619,45/278", "CC": "0.361965", "PCC": "0.013089", "Score": "26.5", "Std": "2.285001", "Ave": "15.314867"}, "J124_class_03_axis_flipped_final_volume_FMN": {"R": "{0.0,115.0,90.0}", "MTX": "{-0.000000138,-1.000000000,0.000000296,-0.422617883,0.000000327,0.906307964,-0.906307964,-0.000000000,-0.422617883}", "T": "{93.000,-41.597,114.288}", "sco": "55.004", "zsco": "5.325980", "Overlap": "0.2930,92/314", "CC": "0.640802", "PCC": "0.305348", "Score": "55.0", "Std": "4.275441", "Ave": "32.233018"}, "J124_class_03_axis_flipped_final_volume_SAMIV": {"R": "{185.0,325.0,85.0}", "MTX": "{0.071393998,0.996760855,-0.037022906,0.816034227,-0.037024449,0.576816548,0.573577403,-0.071393198,-0.816034297}", "T": "{-95.677,-116.601,33.991}", "sco": "36.198", "zsco": "7.713143", "Overlap": "0.2540,63/248", "CC": "0.526800", "PCC": "0.140257", "Score": "36.2", "Std": "2.625524", "Ave": "15.946936"}, "J124_class_04_axis_flipped_final_volume_FMN": {"R": "{335.0,115.0,0.0}", "MTX": "{-0.422617883,-0.383023295,0.821393499,-0.000000000,0.906307273,0.422619364,-0.906307964,0.178606501,-0.383021661}", "T": "{-1.355,-114.288,102.522}", "sco": "57.259", "zsco": "4.520366", "Overlap": "0.3154,94/298", "CC": "0.632551", "PCC": "0.285037", "Score": "57.3", "Std": "5.104317", "Ave": "34.185511"}, "J124_class_04_axis_flipped_final_volume_SAMIV": {"R": "{185.0,0.0,0.0}", "MTX": "{1.000000000,0.000000000,-0.000000000,0.000000000,-0.996194757,0.087155074,-0.000000000,-0.087155074,-0.996194757}", "T": "{-86.000,85.177,100.168}", "sco": "39.314", "zsco": "9.548507", "Overlap": "0.2641,61/231", "CC": "0.548298", "PCC": "0.248483", "Score": "39.3", "Std": "2.480361", "Ave": "15.630274"}, "J125_class_00_final_volume_FMN": {"R": "{85.0,175.0,35.0}", "MTX": "{-0.816034951,0.021132003,0.577616133,-0.571393669,0.121194666,-0.811677970,-0.087156376,-0.992403795,-0.086824390}", "T": "{18.687,115.521,107.309}", "sco": "58.210", "zsco": "4.612569", "Overlap": "0.3497,100/286", "CC": "0.629432", "PCC": "0.264832", "Score": "58.2", "Std": "5.180655", "Ave": "34.314348"}, "J125_class_00_final_volume_SAMIV": {"R": "{175.0,175.0,125.0}", "MTX": "{0.571393403,0.811678120,0.121194924,-0.816035137,0.577615875,-0.021131854,-0.087156376,-0.086824715,0.992403766}", "T": "{-136.367,22.321,-70.384}", "sco": "27.936", "zsco": "4.960444", "Overlap": "0.2422,54/223", "CC": "0.462231", "PCC": "0.172269", "Score": "27.9", "Std": "2.492937", "Ave": "15.569952"}, "J125_class_01_final_volume_FMN": {"R": "{120.0,115.0,155.0}", "MTX": "{0.383021778,-0.500038806,0.776695249,-0.178606251,0.784860955,0.593374324,-0.906307964,-0.365997915,0.211308782}", "T": "{-56.732,-117.168,91.246}", "sco": "59.711", "zsco": "4.424378", "Overlap": "0.2486,89/358", "CC": "0.628296", "PCC": "0.328396", "Score": "59.7", "Std": "5.364044", "Ave": "35.978087"}, "J125_class_01_final_volume_SAMIV": {"R": "{85.0,330.0,355.0}", "MTX": "{0.862729222,-0.488606637,-0.130237648,-0.075480147,0.130237158,-0.988605599,0.500001038,0.862729296,0.075479301}", "T": "{-20.974,101.311,-137.686}", "sco": "29.592", "zsco": "5.784634", "Overlap": "0.1701,49/288", "CC": "0.357206", "PCC": "0.034810", "Score": "29.6", "Std": "2.331031", "Ave": "16.107522"}, "J125_class_02_final_volume_FMN": {"R": "{85.0,215.0,60.0}", "MTX": "{-0.409576401,-0.361176028,0.837734474,-0.709406778,-0.451262882,-0.541390648,0.573575797,-0.816035347,-0.071394096}", "T": "{1.240,153.377,19.991}", "sco": "61.484", "zsco": "5.636246", "Overlap": "0.3215,100/311", "CC": "0.641067", "PCC": "0.294928", "Score": "61.5", "Std": "4.947551", "Ave": "33.598149"}, "J125_class_02_final_volume_SAMIV": {"R": "{185.0,150.0,125.0}", "MTX": "{0.496731287,0.841030286,0.214303724,-0.709406482,0.535696795,-0.458008064,-0.500000472,0.075478484,0.862729695}", "T": "{-140.478,61.328,-37.686}", "sco": "31.566", "zsco": "7.361711", "Overlap": "0.1923,50/260", "CC": "0.470190", "PCC": "0.164598", "Score": "31.6", "Std": "2.184957", "Ave": "15.480702"}, "J125_class_00_axis_flipped_final_volume_FMN": {"R": "{295.0,235.0,25.0}", "MTX": "{-0.519837446,0.494240627,-0.696774879,-0.242404125,0.696774702,0.675089072,0.819151555,0.519837684,-0.242403615}", "T": "{69.124,-97.134,-94.306}", "sco": "66.099", "zsco": "6.434709", "Overlap": "0.3665,103/281", "CC": "0.646815", "PCC": "0.323136", "Score": "66.1", "Std": "4.989677", "Ave": "33.991525"}, "J125_class_00_axis_flipped_final_volume_SAMIV": {"R": "{5.0,185.0,60.0}", "MTX": "{-0.498097566,-0.866527842,0.032067335,-0.862729858,0.491519155,-0.118769159,0.087155074,-0.086824076,-0.992403936}", "T": "{121.600,42.138,92.318}", "sco": "32.239", "zsco": "6.744071", "Ov