{"J129_class_00_final_volume_FMN": {"R": "{205.0,240.0,35.0}", "MTX": "{-0.409576677,0.819644407,0.400537128,-0.286788599,-0.532476764,0.796379806,0.866024968,0.211309113,0.453154735}", "T": "{-76.712,-5.032,-138.622}", "sco": "59.248", "zsco": "4.674089", "Overlap": "0.3290,102/310", "CC": "0.722559", "PCC": "0.361202", "Score": "59.2", "Std": "5.179256", "Ave": "35.039424"}, "J129_class_00_final_volume_SAMIV": {"R": "{265.0,270.0,0.0}", "MTX": "{-0.000000980,0.996194614,0.087156701,-0.000000000,-0.087156701,0.996194614,1.000000000,0.000000977,0.000000085}", "T": "{-93.168,-71.177,-107.000}", "sco": "27.645", "zsco": "4.638030", "Overlap": "0.1731,49/283", "CC": "0.335219", "PCC": "-0.041009", "Score": "27.6", "Std": "2.530034", "Ave": "15.911004"}, "J129_class_01_final_volume_FMN": {"R": "{180.0,115.0,65.0}", "MTX": "{-0.178606126,0.906307938,-0.383021898,-0.383021836,-0.422617939,-0.821394151,-0.906307964,-0.000000276,0.422617883}", "T": "{-29.642,146.925,41.597}", "sco": "59.853", "zsco": "4.437242", "Overlap": "0.4402,103/234", "CC": "0.729720", "PCC": "0.401029", "Score": "59.9", "Std": "5.920465", "Ave": "33.582873"}, "J129_class_01_final_volume_SAMIV": {"R": "{325.0,0.0,0.0}", "MTX": "{1.000000000,-0.000000000,0.000000000,0.000000000,0.819151367,0.573577403,-0.000000000,-0.573577403,0.819151367}", "T": "{-86.000,-126.775,-21.119}", "sco": "26.878", "zsco": "5.181117", "Overlap": "0.2653,52/196", "CC": "0.470284", "PCC": "0.191640", "Score": "26.9", "Std": "2.322475", "Ave": "14.845158"}, "J129_class_02_final_volume_FMN": {"R": "{205.0,90.0,145.0}", "MTX": "{-0.000000268,0.866025295,0.500000189,0.000000187,0.500000189,-0.866025295,-1.000000000,-0.000000138,-0.000000296}", "T": "{-117.478,38.478,86.000}", "sco": "62.207", "zsco": "5.289782", "Overlap": "0.3442,95/276", "CC": "0.670304", "PCC": "0.330557", "Score": "62.2", "Std": "5.252278", "Ave": "34.424091"}, "J129_class_02_final_volume_SAMIV": {"R": "{215.0,355.0,90.0}", "MTX": "{0.000000326,0.819152508,-0.573575774,0.996194586,0.049990893,0.071395083,0.087157027,-0.571393103,-0.816035277}", "T": "{-21.120,-96.112,118.823}", "sco": "31.074", "zsco": "5.891243", "Overlap": "0.2146,50/233", "CC": "0.484870", "PCC": "0.185481", "Score": "31.1", "Std": "2.569967", "Ave": "15.933240"}, "J129_class_00_axis_flipped_final_volume_FMN": {"R": "{115.0,245.0,95.0}", "MTX": "{0.036833534,0.492598596,0.869476804,-0.421010888,-0.781434568,0.460553850,0.906307411,-0.383023027,0.178606376}", "T": "{-120.306,56.803,-67.363}", "sco": "58.100", "zsco": "4.350396", "Overlap": "0.3009,96/319", "CC": "0.700443", "PCC": "0.367705", "Score": "58.1", "Std": "5.307849", "Ave": "35.008605"}, "J129_class_00_axis_flipped_final_volume_SAMIV": {"R": "{205.0,25.0,95.0}", "MTX": "{-0.078989620,0.918425819,-0.387626953,0.902859078,-0.098936587,-0.418398181,-0.422618179,-0.383021626,-0.821394125}", "T": "{-31.856,-40.155,146.925}", "sco": "29.641", "zsco": "5.642258", "Overlap": "0.1828,49/268", "CC": "0.446754", "PCC": "0.198926", "Score": "29.6", "Std": "2.450342", "Ave": "15.815529"}, "J129_class_01_axis_flipped_final_volume_FMN": {"R": "{95.0,85.0,5.0}", "MTX": "{0.086824395,0.996223577,0.000330720,0.007596149,-0.000330067,-0.999971094,-0.996194671,0.086824398,-0.007596120}", "T": "{-100.171,85.373,78.859}", "sco": "88.263", "zsco": "8.113064", "Overlap": "0.5294,117/221", "CC": "0.792325", "PCC": "0.496168", "Score": "88.3", "Std": "6.728745", "Ave": "33.672114"}, "J129_class_01_axis_flipped_final_volume_SAMIV": {"R": "{25.0,0.0,85.0}", "MTX": "{0.087156050,-0.902859026,0.421009978,0.996194671,0.078990210,-0.036833731,-0.000000000,0.422618179,0.906307825}", "T": "{40.944,-96.298,-114.288}", "sco": "30.963", "zsco": "6.637697", "Overlap": "0.2415,50/207", "CC": "0.490149", "PCC": "0.184066", "Score": "31.0", "Std": "2.428806", "Ave": "14.841460"}, "J129_class_02_axis_flipped_final_volume_FMN": {"R": "{295.0,85.0,30.0}", "MTX": "{0.075479358,-0.993207865,-0.088549442,0.043578017,-0.085432301,0.995390516,-0.996194671,-0.078990246,0.036833654}", "T": "{93.540,-82.004,89.298}", "sco": "57.932", "zsco": "4.757778", "Overlap": "0.4016,102/254", "CC": "0.695633", "PCC": "0.307286", "Score": "57.9", "Std": "5.063823", "Ave": "33.839620"}, "J129_class_02_axis_flipped_final_volume_SAMIV": {"R": "{185.0,335.0,90.0}", "MTX": "{0.000000296,0.996194769,-0.087154936,0.906307273,0.036833096,0.421011223,0.422619364,-0.078989277,-0.902858553}", "T": "{-85.177,-117.317,55.094}", "sco": "30.137", "zsco": "5.650436", "Overlap": "0.2297,51/222", "CC": "0.456748", "PCC": "0.163144", "Score": "30.1", "Std": "2.520004", "Ave": "15.897612"}, "J129_class_00_axis_flipped_axis_flipped_final_volume_FMN": {"R": "{205.0,240.0,35.0}", "MTX": "{-0.409576677,0.819644407,0.400537128,-0.286788599,-0.532476764,0.796379806,0.866024968,0.211309113,0.453154735}", "T": "{-76.712,-5.032,-138.622}", "sco": "59.248", "zsco": "4.674089", "Overlap": "0.3290,102/310", "CC": "0.722559", "PCC": "0.361202", "Score": "59.2", "Std": "5.179256", "Ave": "35.039424"}, "J129_class_00_axis_flipped_axis_flipped_final_volume_SAMIV": {"R": "{265.0,270.0,0.0}", "MTX": "{-0.000000980,0.996194614,0.087156701,-0.000000000,-0.087156701,0.996194614,1.000000000,0.000000977,0.000000085}", "T": "{-93.168,-71.177,-107.000}", "sco": "27.645", "zsco": "4.638030", "Overlap": "0.1731,49/283", "CC": "0.335219", "PCC": "-0.041009", "Score": "27.6", "Std": "2.530034", "Ave": "15.911004"}, "J129_class_01_axis_flipped_axis_flipped_final_volume_FMN": {"R": "{180.0,115.0,65.0}", "MTX": "{-0.178606126,0.906307938,-0.383021898,-0.383021836,-0.422617939,-0.821394151,-0.906307964,-0.000000276,0.422617883}", "T": "{-29.642,146.925,41.597}", "sco": "59.853", "zsco": "4.437242", "Overlap": "0.4402,103/234", "CC": "0.729720", "PCC": "0.401029", "Score": "59.9", "Std": "5.920465", "Ave": "33.582873"}, "J129_class_01_axis_flipped_axis_flipped_final_volume_SAMIV": {"R": "{325.0,0.0,0.0}", "MTX": "{1.000000000,-0.000000000,0.000000000,0.000000000,0.819151367,0.573577403,-0.000000000,-0.573577403,0.819151367}", "T": "{-86.000,-126.775,-21.119}", "sco": "26.878", "zsco": "5.181117", "Overlap": "0.2653,52/196", "CC": "0.470284", "PCC": "0.191640", "Score": "26.9", "Std": "2.322475", "Ave": "14.845158"}, "J129_class_02_axis_flipped_axis_flipped_final_volume_FMN": {"R": "{205.0,90.0,145.0}", "MTX": "{-0.000000268,0.866025295,0.500000189,0.000000187,0.500000189,-0.866025295,-1.000000000,-0.000000138,-0.000000296}", "T": "{-117.478,38.478,86.000}", "sco": "62.207", "zsco": "5.289782", "Overlap": "0.3442,95/276", "CC": "0.670304", "PCC": "0.330557", "Score": "62.2", "Std": "5.252278", "Ave": "34.424092"}, "J129_class_02_axis_flipped_axis_flipped_final_volume_SAMIV": {"R": "{215.0,355.0,90.0}", "MTX": "{0.000000326,0.819152508,-0.573575774,0.996194586,0.049990893,0.071395083,0.087157027,-0.571393103,-0.816035277}", "T": "{-21.120,-96.112,118.823}", "sco": "31.074", "zsco": "5.891243", "Overlap": "0.2146,50/233", "CC": "0.484870", "PCC": "0.185481", "Score": "31.1", "Std": "2.569967", "Ave": "15.933240"}, "J130_class_00_final_volume_FMN": {"R": "{115.0,65.0,115.0}", "MTX": "{-0.178606126,0.035886213,0.983266002,0.383022490,0.923041685,0.035886213,-0.906307687,0.383022490,-0.178606126}", "T": "{-72.287,-122.408,60.363}", "sco": "59.360", "zsco": "4.242737", "Overlap": "0.3504,96/274", "CC": "0.665147", "PCC": "0.309006", "Score": "59.4", "Std": "5.677237", "Ave": "35.273445"}, "J130_class_00_final_volume_SAMIV": {"R": "{5.0,180.0,120.0}", "MTX": "{0.499999623,-0.862730163,0.075478765,-0.866025622,-0.498096925,0.043578393,-0.000000654,-0.087155725,-0.996194700}", "T": "{24.704,120.567,100.168}", "sco": "31.141", "zsco": "6.104347", "Overlap": "0.2489,55/221", "CC": "0.524039", "PCC": "0.164102", "Score": "31.1", "Std": "2.538988", "Ave": "15.641832"}, "J130_class_01_final_volume_FMN": {"R": "{0.0,85.0,90.0}", "MTX": "{0.000000028,-1.000000000,0.000000326,0.087156050,0.000000327,0.996194671,-0.996194671,0.000000000,0.087156050}", "T": "{86.000,-107.168,85.177}", "sco": "60.566", "zsco": "4.575213", "Overlap": "0.3230,94/291", "CC": "0.702118", "PCC": "0.345131", "Score": "60.6", "Std": "5.405834", "Ave": "35.833184"}, "J130_class_01_final_volume_SAMIV": {"R": "{155.0,175.0,85.0}", "MTX": "{-0.086824390,0.906069050,0.414126070,-0.992403795,-0.042296431,-0.115523679,-0.087156376,-0.421010556,0.902858725}", "T": "{-113.070,105.919,-26.943}", "sco": "34.349", "zsco": "7.422696", "Overlap": "0.2545,57/224", "CC": "0.522928", "PCC": "0.194859", "Score": "34.3", "Std": "2.477359", "Ave": "15.960652"}, "J130_class_02_final_volume_FMN": {"R": "{300.0,60.0,95.0}", "MTX": "{-0.043577716,-0.432729842,-0.900469803,0.498097552,-0.790724039,0.355885266,-0.866025295,-0.433013138,0.249999623}", "T": "{125.403,-5.440,97.217}", "sco": "69.294", "zsco": "5.107168", "Overlap": "0.3505,102/291", "CC": "0.720866", "PCC": "0.397388", "Score": "69.3", "Std": "6.550085", "Ave": "35.841435"}, "J130_class_02_final_volume_SAMIV": {"R": "{210.0,145.0,145.0}", "MTX": "{0.671009577,0.731655292,0.120111121,-0.469846490,0.544911536,-0.694489520,-0.573576868,0.409575330,0.709406531}", "T": "{-137.959,60.271,-53.905}", "sco": "27.661", "zsco": "5.063655", "Overlap": "0.2217,51/230", "CC": "0.380444", "PCC": "0.065978", "Score": "27.7", "Std": "2.378335", "Ave": "15.618105"}, "J130_class_03_final_volume_FMN": {"R": "{65.0,65.0,90.0}", "MTX": "{0.000000138,-0.422618207,0.906307812,0.422618476,0.821393762,0.383022077,-0.906307687,0.383022373,0.178606376}", "T": "{-41.597,-146.925,29.642}", "sco": "62.711", "zsco": "4.938186", "Overlap": "0.3356,99/295", "CC": "0.745617", "PCC": "0.437651", "Score": "62.7", "Std": "5.230955", "Ave": "36.879255"}, "J130_class_03_final_volume_SAMIV": {"R": "{120.0,155.0,5.0}", "MTX": "{-0.902858777,0.408183779,-0.135026041,-0.078989891,-0.466198093,-0.881146943,-0.422618772,-0.784885559,0.453153433}", "T": "{54.154,136.665,57.874}", "sco": "28.450", "zsco": "5.308556", "Overlap": "0.1983,47/237", "CC": "0.382464", "PCC": "0.062172", "Score": "28.5", "Std": "2.386311", "Ave": "15.782330"}, "J130_class_00_axis_flipped_final_volume_FMN": {"R": "{5.0,85.0,175.0}", "MTX": "{-0.086824390,-0.173318391,-0.981031223,0.007596205,-0.984836552,0.173318389,-0.996194671,0.007596149,0.086824395}", "T": "{113.741,69.137,77.553}", "sco": "55.036", "zsco": "3.868624", "Overlap": "0.3502,97/277", "CC": "0.660068", "PCC": "0.288842", "Score": "55.0", "Std": "5.142720", "Ave": "35.140664"}, "J130_class_00_axis_flipped_final_volume_SAMIV": {"R": "{185.0,175.0,95.0}", "MTX": "{0.086823742,0.993066008,-0.079256181,-0.992403851,0.079256537,-0.094090368,-0.087156376,0.086823417,0.992403880}", "T": "{-93.054,93.622,-85.318}", "sco": "31.065", "zsco": "6.214081", "Overlap": "0.2311,52/225", "CC": "0.498638", "PCC": "0.104683", "Score": "31.1", "Std": "2.501604", "Ave": "15.519491"}, "J130_class_01_axis_flipped_final_volume_FMN": {"R": "{55.0,265.0,155.0}", "MTX": "{0.078990776,0.497174208,0.864047605,-0.036834058,-0.864708402,0.500921781,0.996194614,-0.071394580,-0.049991044}", "T": "{-123.858,34.453,-82.234}", "sco": "61.634", "zsco": "4.584979", "Overlap": "0.3519,101/287", "CC": "0.720290", "PCC": "0.403344", "Score": "61.6", "Std": "5.641398", "Ave": "35.768343"}, "J130_class_01_axis_flipped_final_volume_SAMIV": {"R": "{35.0,185.0,145.0}", "MTX": "{0.816034671,-0.428897238,0.387472032,-0.571394268,-0.699683042,0.428896528,0.087155074,-0.571393735,-0.816035044}", "T": "{-66.616,79.428,125.824}", "sco": "32.802", "zsco": "6.704960", "Overlap": "0.2328,54/232", "CC": "0.491568", "PCC": "0.201559", "Score": "32.8", "Std": "2.507401", "Ave": "15.990131"}, "J130_class_02_axis_flipped_final_volume_FMN": {"R": "{5.0,270.0,5.0}", "MTX": "{-0.000000977,-0.173648142,-0.984807759,-0.000000085,0.984807759,-0.173648142,1.000000000,-0.000000085,-0.000000977}", "T": "{106.627,-83.760,-93.000}", "sco": "61.064", "zsco": "3.976341", "Overlap": "0.3163,93/294", "CC": "0.664987", "PCC": "0.345843", "Score": "61.1", "Std": "6.299960", "Ave": "36.013294"}, "J130_class_02_axis_flipped_final_volume_SAMIV": {"R": "{330.0,175.0,155.0}", "MTX": "{0.902858725,-0.326503017,-0.279717541,-0.421010556,-0.803301817,-0.421255626,-0.087156376,0.498098355,-0.862729271}", "T": "{-25.511,148.519,45.854}", "sco": "27.451", "zsco": "4.988457", "Overlap": "0.1911,47/246", "CC": "0.433058", "PCC": "0.143909", "Score": "27.5", "Std": "2.376438", "Ave": "15.596041"}, "J130_class_03_axis_flipped_final_volume_FMN": {"R": "{175.0,55.0,95.0}", "MTX": "{-0.049990297,0.986181451,0.157946558,0.571393985,0.157946380,-0.805333381,-0.819151930,0.049990858,-0.571393936}", "T": "{-101.096,6.535,122.288}", "sco": "60.366", "zsco": "4.346306", "Overlap": "0.3229,93/288", "CC": "0.652473", "PCC": "0.345737", "Score": "60.4", "Std": "5.422027", "Ave": "36.800286"}, "J130_class_03_axis_flipped_final_volume_SAMIV": {"R": "{30.0,150.0,155.0}", "MTX": "{0.784885114,-0.592575674,-0.181133729,-0.365998477,-0.679230638,0.636153169,-0.500000472,-0.433012484,-0.749999811}", "T": "{-0.961,42.181,144.739}", "sco": "29.372", "zsco": "5.489950", "Overlap": "0.2152,51/237", "CC": "0.407924", "PCC": "0.121411", "Score": "29.4", "Std": "2.505430", "Ave": "15.617623"}, "J130_class_00_axis_flipped_axis_flipped_final_volume_FMN": {"R": "{115.0,65.0,115.0}", "MTX": "{-0.178606126,0.035886213,0.983266002,0.383022490,0.923041685,0.035886213,-0.906307687,0.383022490,-0.178606126}", "T": "{-72.287,-122.408,60.363}", "sco": "59.360", "zsco": "4.242737", "Overlap": "0.3504,96/274", "CC": "0.665147", "PCC": "0.309006", "Score": "59.4", "Std": "5.677237", "Ave": "35.273445"}, "J130_class_00_axis_flipped_axis_flipped_final_volume_SAMIV": {"R": "{5.0,180.0,120.0}", "MTX": "{0.499999623,-0.862730163,0.075478765,-0.866025622,-0.498096925,0.043578393,-0.000000654,-0.087155725,-0.996194700}", "T": "{24.704,120.567,100.168}", "sco": "31.141", "zsco": "6.104349", "Overlap": "0.2489,55/221", "CC": "0.524039", "PCC": "0.164102", "Score": "31.1", "Std": "2.538988", "Ave": "15.641831"}, "J130_class_01_axis_flipped_axis_flipped_final_volume_FMN": {"R": "{0.0,85.0,90.0}", "MTX": "{0.000000028,-1.000000000,0.000000326,0.087156050,0.000000327,0.996194671,-0.996194671,0.000000000,0.087156050}", "T": "{86.000,-107.168,85.177}", "sco": "60.566", "zsco": "4.575213", "Overlap": "0.3230,94/291", "CC": "0.702118", "PCC": "0.345131", "Score": "60.6", "Std": "5.405834", "Ave": "35.833184"}, "J130_class_01_axis_flipped_axis_flipped_final_volume_SAMIV": {"R": "{155.0,175.0,85.0}", "MTX": "{-0.086824390,0.906069050,0.414126070,-0.992403795,-0.042296431,-0.115523679,-0.087156376,-0.421010556,0.902858725}", "T": "{-113.070,105.919,-26.943}", "sco": "34.349", "zsco": "7.422696", "Overlap": "0.2545,57/224", "CC": "0.522928", "PCC": "0.194859", "Score": "34.3", "Std": "2.477360", "Ave": "15.960653"}, "J130_class_02_axis_flipped_axis_flipped_final_volume_FMN": {"R": "{300.0,60.0,95.0}", "MTX": "{-0.043577716,-0.432729842,-0.900469803,0.498097552,-0.790724039,0.355885266,-0.866025295,-0.433013138,0.249999623}", "T": "{125.403,-5.440,97.217}", "sco": "69.294", "zsco": "5.107168", "Overlap": "0.3505,102/291", "CC": "0.720866", "PCC": "0.397388", "Score": "69.3", "Std": "6.550085", "Ave": "35.841435"}, "J130_class_02_axis_flipped_axis_flipped_final_volume_SAMIV": {"R": "{210.0,145.0,145.0}", "MTX": "{0.671009577,0.731655292,0.120111121,-0.469846490,0.544911536,-0.694489520,-0.573576868,0.409575330,0.709406531}", "T": "{-137.959,60.271,-53.905}", "sco": "27.661", "zsco": "5.063655", "Overlap": "0.2217,51/230", "CC": "0.380444", "PCC": "0.065978", "Score": "27.7", "Std": "2.378336", "Ave": "15.618105"}, "J130_class_03_axis_flipped_axis_flipped_final_volume_FMN": {"R": "{65.0,65.0,90.0}", "MTX": "{0.000000138,-0.422618207,0.906307812,0.422618476,0.821393762,0.383022077,-0.906307687,0.383022373,0.178606376}", "T": "{-41.597,-146.925,29.642}", "sco": "62.711", "zsco": "4.938186", "Overlap": "0.3356,99/295", "CC": "0.745617", "PCC": "0.437651", "Score": "62.7", "Std": "5.230955", "Ave": "36.879255"}, "J130_class_03_axis_flipped_axis_flipped_final_volume_SAMIV": {"R": "{120.0,155.0,5.0}", "MTX": "{-0.902858777,0.408183779,-0.135026041,-0.078989891,-0.466198093,-0.881146943,-0.422618772,-0.784885559,0.453153433}", "T": "{54.154,136.665,57.874}", "sco": "28.450", "zsco": "5.308556", "Overlap": "0.1983,47/237", "CC": "0.382464", "PCC": "0.062172", "Score": "28.5", "Std": "2.386311", "Ave": "15.782330"}, "J131_class_00_final_volume_FMN": {"R": "{265.0,185.0,155.0}", "MTX": "{0.902858828,-0.041854658,-0.427894991,-0.421010605,0.115683981,-0.899648424,0.087155074,0.992403851,0.086825049}", "T": "{-44.247,110.628,-100.309}", "sco": "57.693", "zsco": "4.240225", "Overlap": "0.4034,96/238", "CC": "0.681846", "PCC": "0.254632", "Score": "57.7", "Std": "5.785620", "Ave": "33.160786"}, "J131_class_00_final_volume_SAMIV": {"R": "{325.0,355.0,5.0}", "MTX": "{0.992403766,-0.021592662,-0.121113673,0.086824061,0.820391279,0.565172303,0.087157027,-0.571394703,0.816034157}", "T": "{-73.074,-140.625,-42.534}", "sco": "27.897", "zsco": "5.557517", "Overlap": "0.2424,48/198", "CC": "0.436609", "PCC": "0.128080", "Score": "27.9", "Std": "2.394155", "Ave": "14.591317"}, "J131_class_01_final_volume_FMN": {"R": "{245.0,120.0,150.0}", "MTX": "{0.433012239,0.891040249,-0.136189852,-0.250000047,-0.026444356,-0.967884638,-0.866025622,0.453153364,0.211309375}", "T": "{-109.156,114.012,17.334}", "sco": "62.896", "zsco": "4.642590", "Overlap": "0.2787,102/366", "CC": "0.695910", "PCC": "0.341911", "Score": "62.9", "Std": "5.374830", "Ave": "37.943062"}, "J131_class_01_final_volume_SAMIV": {"R": "{325.0,0.0,0.0}", "MTX": "{1.000000000,-0.000000000,0.000000000,0.000000000,0.819151367,0.573577403,-0.000000000,-0.573577403,0.819151367}", "T": "{-86.000,-126.775,-14.119}", "sco": "31.065", "zsco": "5.558980", "Overlap": "0.1741,55/316", "CC": "0.504358", "PCC": "0.223528", "Score": "31.1", "Std": "2.563284", "Ave": "16.815815"}, "J131_class_02_final_volume_FMN": {"R": "{265.0,175.0,145.0}", "MTX": "{0.816034577,0.121113682,-0.565171695,-0.571394203,0.021593917,-0.820391594,-0.087156376,0.992403738,0.086825039}", "T": "{-38.990,110.837,-85.318}", "sco": "54.941", "zsco": "4.664269", "Overlap": "0.3409,90/264", "CC": "0.664047", "PCC": "0.304578", "Score": "54.9", "Std": "4.928278", "Ave": "31.954521"}, "J131_class_02_final_volume_SAMIV": {"R": "{355.0,180.0,5.0}", "MTX": "{-0.996194700,-0.086824118,-0.007595585,-0.087155725,0.992403761,0.086825425,-0.000000654,0.087157027,-0.996194586}", "T": "{100.793,-85.318,85.177}", "sco": "33.433", "zsco": "7.548268", "Overlap": "0.2557,56/219", "CC": "0.525645", "PCC": "0.215849", "Score": "33.4", "Std": "2.469344", "Ave": "14.793327"}, "J131_class_03_final_volume_FMN": {"R": "{85.0,55.0,115.0}", "MTX": "{-0.242403729,-0.423861117,0.872686763,0.519837040,0.702745121,0.485714676,-0.819151930,0.571393952,0.049990671}", "T": "{-17.752,-160.914,17.008}", "sco": "64.421", "zsco": "4.679123", "Overlap": "0.3112,108/347", "CC": "0.743972", "PCC": "0.382942", "Score": "64.4", "Std": "5.785208", "Ave": "37.351168"}, "J131_class_03_final_volume_SAMIV": {"R": "{175.0,180.0,120.0}", "MTX": "{0.499999623,0.862730056,0.075479980,-0.866025622,0.498096995,0.043577591,-0.000000654,-0.087156376,0.996194643}", "T": "{-123.686,34.894,-78.177}", "sco": "28.343", "zsco": "4.980422", "Overlap": "0.1593,47/295", "CC": "0.449980", "PCC": "0.211441", "Score": "28.3", "Std": "2.537088", "Ave": "15.706892"}, "J131_class_04_final_volume_FMN": {"R": "{300.0,85.0,35.0}", "MTX": "{0.071394063,-0.993495087,-0.088715270,0.049990648,-0.085266473,0.995103293,-0.996194671,-0.075479401,0.043577943}", "T": "{93.930,-82.545,88.416}", "sco": "60.986", "zsco": "4.949615", "Overlap": "0.3497,100/286", "CC": "0.686533", "PCC": "0.354029", "Score": "61.0", "Std": "5.265263", "Ave": "34.925011"}, "J131_class_04_final_volume_SAMIV": {"R": "{175.0,0.0,145.0}", "MTX": "{-0.819151742,0.571394203,0.049990881,0.573576868,0.816034577,0.071394297,-0.000000000,0.087156376,-0.996194643}", "T": "{17.008,-125.646,85.177}", "sco": "36.678", "zsco": "7.767417", "Overlap": "0.2489,57/229", "CC": "0.526976", "PCC": "0.221192", "Score": "36.7", "Std": "2.661546", "Ave": "16.005113"}, "J131_class_00_axis_flipped_final_volume_FMN": {"R": "{245.0,265.0,25.0}", "MTX": "{-0.078990800,0.996874281,-0.001456570,-0.036834006,-0.001458527,0.999320333,0.996194614,0.078990764,0.036834084}", "T": "{-78.813,-82.648,-102.634}", "sco": "84.586", "zsco": "7.888553", "Overlap": "0.5475,121/221", "CC": "0.799173", "PCC": "0.427044", "Score": "84.6", "Std": "6.355299", "Ave": "34.452111"}, "J131_class_00_axis_flipped_final_volume_SAMIV": {"R": "{325.0,175.0,85.0}", "MTX": "{-0.086824390,-0.820391239,-0.565172310,-0.992403795,0.021593302,0.121113327,-0.087156376,0.571394736,-0.816034204}", "T": "{133.625,73.074,28.534}", "sco": "30.872", "zsco": "6.823711", "Overlap": "0.2308,48/208", "CC": "0.431870", "PCC": "0.102446", "Score": "30.9", "Std": "2.300139", "Ave": "15.176396"}, "J131_class_01_axis_flipped_final_volume_FMN": {"R": "{180.0,235.0,175.0}", "MTX": "{0.571394469,0.087156909,-0.816034334,-0.049990904,0.996194596,0.071394932,0.819151555,-0.000000375,0.573577135}", "T": "{20.544,-87.513,-119.775}", "sco": "57.536", "zsco": "3.878771", "Overlap": "0.2786,100/359", "CC": "0.592421", "PCC": "0.253831", "Score": "57.5", "Std": "5.201358", "Ave": "37.360830"}, "J131_class_01_axis_flipped_final_volume_SAMIV": {"R": "{30.0,205.0,55.0}", "MTX": "{-0.519837119,-0.830608182,0.199648235,-0.742404030,0.323637964,-0.586595878,0.422617587,-0.453153965,-0.784885889}", "T": "{105.969,86.461,70.126}", "sco": "30.163", "zsco": "5.401145", "Overlap": "0.1857,57/307", "CC": "0.479603", "PCC": "0.204551", "Score": "30.2", "Std": "2.496197", "Ave": "16.680364"}, "J131_class_02_axis_flipped_final_volume_FMN": {"R": "{5.0,90.0,115.0}", "MTX": "{-0.000000138,-0.939692757,-0.342019768,0.000000296,-0.342019768,0.939692757,-1.000000000,0.000000028,0.000000326}", "T": "{110.227,-51.400,93.000}", "sco": "61.351", "zsco": "5.642377", "Overlap": "0.3831,100/261", "CC": "0.642992", "PCC": "0.267611", "Score": "61.4", "Std": "5.162732", "Ave": "32.220807"}, "J131_class_02_axis_flipped_final_volume_SAMIV": {"R": "{5.0,5.0,5.0}", "MTX": "{0.992403880,-0.079256856,0.094089800,0.086824071,0.993065925,-0.079256856,-0.087155725,0.086824071,0.992403880}", "T": "{-93.622,-86.054,-85.318}", "sco": "30.034", "zsco": "6.723940", "Overlap": "0.2727,57/209", "CC": "0.442247", "PCC": "0.227445", "Score": "30.0", "Std": "2.236812", "Ave": "14.993920"}, "J131_class_03_axis_flipped_final_volume_FMN": {"R": "{115.0,270.0,85.0}", "MTX": "{-0.000000085,0.342019461,0.939692869,-0.000000977,-0.939692869,0.342019461,1.000000000,-0.000000889,0.000000414}", "T": "{-110.227,44.400,-93.000}", "sco": "60.173", "zsco": "4.106367", "Overlap": "0.2684,95/354", "CC": "0.651971", "PCC": "0.327165", "Score": "60.2", "Std": "5.766334", "Ave": "36.494167"}, "J131_class_03_axis_flipped_final_volume_SAMIV": {"R": "{335.0,0.0,60.0}", "MTX": "{0.500000189,-0.784885023,-0.365999059,0.866025295,0.453153807,0.211309762,-0.000000000,-0.422619364,0.906307273}", "T": "{55.976,-145.622,-41.597}", "sco": "29.829", "zsco": "5.769033", "Overlap": "0.1767,50/283", "CC": "0.406473", "PCC": "0.115245", "Score": "29.8", "Std": "2.446250", "Ave": "15.716046"}, "J131_class_04_axis_flipped_final_volume_FMN": {"R": "{235.0,85.0,155.0}", "MTX": "{-0.078990186,0.981982614,0.171670312,0.036833783,0.174965826,-0.983885274,-0.996194671,-0.071394014,-0.049990718}", "T": "{-92.421,73.399,96.112}", "sco": "61.851", "zsco": "5.053495", "Overlap": "0.3493,102/292", "CC": "0.686022", "PCC": "0.354949", "Score": "61.9", "Std": "5.205494", "Ave": "35.545006"}, "J131_class_04_axis_flipped_final_volume_SAMIV": {"R": "{5.0,355.0,65.0}", "MTX": "{0.421010237,-0.906069223,0.042295898,0.902858811,0.414125760,-0.115524118,0.087157027,0.086824061,0.992403766}", "T": "{38.078,-103.326,-100.309}", "sco": "37.375", "zsco": "7.628659", "Overlap": "0.2479,59/238", "CC": "0.523873", "PCC": "0.249649", "Score": "37.4", "Std": "2.770068", "Ave": "16.242780"}, "J131_class_00_axis_flipped_axis_flipped_final_volume_FMN": {"R": "{265.0,185.0,155.0}", "MTX": "{0.902858828,-0.041854658,-0.427894991,-0.421010605,0.115683981,-0.899648424,0.087155074,0.992403851,0.086825049}", "T": "{-44.247,110.628,-100.309}", "sco": "57.693", "zsco": "4.240226", "Overlap": "0.4034,96/238", "CC": "0.681846", "PCC": "0.259763", "Score": "57.7", "Std": "5.785620", "Ave": "33.160787"}, "J131_class_00_axis_flipped_axis_flipped_final_volume_SAMIV": {"R": "{325.0,355.0,5.0}", "MTX": "{0.992403766,-0.021592662,-0.121113673,0.086824061,0.820391279,0.565172303,0.087157027,-0.571394703,0.816034157}", "T": "{-73.074,-140.625,-42.534}", "sco": "27.897", "zsco": "5.557517", "Overlap": "0.2424,48/198", "CC": "0.436609", "PCC": "0.128080", "Score": "27.9", "Std": "2.394155", "Ave": "14.591317"}, "J131_class_01_axis_flipped_axis_flipped_final_volume_FMN": {"R": "{245.0,120.0,150.0}", "MTX": "{0.433012239,0.891040249,-0.136189852,-0.250000047,-0.026444356,-0.967884638,-0.866025622,0.453153364,0.211309375}", "T": "{-109.156,114.012,17.334}", "sco": "62.896", "zsco": "4.642590", "Overlap": "0.2787,102/366", "CC": "0.695910", "PCC": "0.341911", "Score": "62.9", "Std": "5.374830", "Ave": "37.943062"}, "J131_class_01_axis_flipped_axis_flipped_final_volume_SAMIV": {"R": "{325.0,0.0,0.0}", "MTX": "{1.000000000,-0.000000000,0.000000000,0.000000000,0.819151367,0.573577403,-0.000000000,-0.573577403,0.819151367}", "T": "{-86.000,-126.775,-14.119}", "sco": "31.065", "zsco": "5.558980", "Overlap": "0.1741,55/316", "CC": "0.504358", "PCC": "0.223528", "Score": "31.1", "Std": "2.563284", "Ave": "16.815815"}, "J131_class_02_axis_flipped_axis_flipped_final_volume_FMN": {"R": "{265.0,175.0,145.0}", "MTX": "{0.816034577,0.121113682,-0.565171695,-0.571394203,0.021593917,-0.820391594,-0.087156376,0.992403738,0.086825039}", "T": "{-38.990,110.837,-85.318}", "sco": "54.941", "zsco": "4.664269", "Overlap": "0.3409,90/264", "CC": "0.664047", "PCC": "0.304578", "Score": "54.9", "Std": "4.928278", "Ave": "31.954521"}, "J131_class_02_axis_flipped_axis_flipped_final_volume_SAMIV": {"R": "{355.0,180.0,5.0}", "MTX": "{-0.996194700,-0.086824118,-0.007595585,-0.087155725,0.992403761,0.086825425,-0.000000654,0.087157027,-0.996194586}", "T": "{100.793,-85.318,85.177}", "sco": "33.433", "zsco": "7.548268", "Overlap": "0.2557,56/219", "CC": "0.525645", "PCC": "0.215849", "Score": "33.4", "Std": "2.469344", "Ave": "14.793327"}, "J131_class_03_axis_flipped_axis_flipped_final_volume_FMN": {"R": "{85.0,55.0,115.0}", "MTX": "{-0.242403729,-0.423861117,0.872686763,0.519837040,0.702745121,0.485714676,-0.819151930,0.571393952,0.049990671}", "T": "{-17.752,-160.914,17.008}", "sco": "64.421", "zsco": "4.679123", "Overlap": "0.3112,108/347", "CC": "0.743972", "PCC": "0.382942", "Score": "64.4", "Std": "5.785208", "Ave": "37.351168"}, "J131_class_03_axis_flipped_axis_flipped_final_volume_SAMIV": {"R": "{175.0,180.0,120.0}", "MTX": "{0.499999623,0.862730056,0.075479980,-0.866025622,0.498096995,0.043577591,-0.000000654,-0.087156376,0.996194643}", "T": "{-123.686,34.894,-78.177}", "sco": "28.343", "zsco": "4.980421", "Overlap": "0.1593,47/295", "CC": "0.449980", "PCC": "0.211441", "Score": "28.3", "Std": "2.537088", "Ave": "15.706892"}, "J131_class_04_axis_flipped_axis_flipped_final_volume_FMN": {"R": "{300.0,85.0,35.0}", "MTX": "{0.071394063,-0.993495087,-0.088715270,0.049990648,-0.085266473,0.995103293,-0.996194671,-0.075479401,0.043577943}", "T": "{93.930,-82.545,88.416}", "sco": "60.986", "zsco": "4.949615", "Overlap": "0.3497,100/286", "CC": "0.686533", "PCC": "0.354029", "Score": "61.0", "Std": "5.265263", "Ave": "34.925011"}, "J131_class_04_axis_flipped_axis_flipped_final_volume_SAMIV": {"R": "{175.0,0.0,145.0}", "MTX": "{-0.819151742,0.571394203,0.049990881,0.573576868,0.816034577,0.071394297,-0.000000000,0.087156376,-0.996194643}", "T": "{17.008,-125.646,85.177}", "sco": "36.678", "zsco": "7.767417", "Overlap": "0.2489,57/229", "CC": "0.526976", "PCC": "0.221192", "Score": "36.7", "Std": "2.661546", "Ave": "16.005113"}, "J132_class_00_final_volume_FMN": {"R": "{235.0,85.0,355.0}", "MTX": "{0.086824385,-0.862920343,-0.497825279,-0.007596262,-0.500271303,0.865835388,-0.996194671,-0.071394014,-0.049990718}", "T": "{116.557,-23.785,103.112}", "sco": "66.282", "zsco": "5.658551", "Overlap": "0.3696,102/276", "CC": "0.701635", "PCC": "0.445859", "Score": "66.3", "Std": "5.507355", "Ave": "35.117859"}, "J132_class_00_final_volume_SAMIV": {"R": "{185.0,150.0,25.0}", "MTX": "{-0.784885354,0.381515315,-0.488263296,-0.365997964,-0.921275780,-0.131515881,-0.500000472,0.075478484,0.862729695}", "T": "{76.680,129.016,-37.686}", "sco": "27.045", "zsco": "4.527441", "Overlap": "0.2060,48/233", "CC": "0.446427", "PCC": "0.250632", "Score": "27.0", "Std": "2.565972", "Ave": "15.428132"}, "J132_class_01_final_volume_FMN": {"R": "{180.0,235.0,120.0}", "MTX": "{0.286788351,0.866025889,-0.409574902,-0.496732495,0.499999159,0.709406561,0.819151555,-0.000000375,0.573577135}", "T": "{-63.919,-68.290,-126.775}", "sco": "58.425", "zsco": "4.751363", "Overlap": "0.3387,106/313", "CC": "0.664323", "PCC": "0.302645", "Score": "58.4", "Std": "4.813943", "Ave": "35.552006"}, "J132_class_01_final_volume_SAMIV": {"R": "{180.0,180.0,90.0}", "MTX": "{-0.000000327,1.000000000,0.000000654,-1.000000000,-0.000000327,-0.000000654,-0.000000654,-0.000000654,1.000000000}", "T": "{-93.000,93.000,-86.000}", "sco": "33.379", "zsco": "6.644209", "Overlap": "0.2389,59/247", "CC": "0.530333", "PCC": "0.214360", "Score": "33.4", "Std": "2.603814", "Ave": "16.078268"}, "J132_class_02_final_volume_FMN": {"R": "{335.0,265.0,95.0}", "MTX": "{0.007596177,-0.939551921,-0.342322196,-0.086825046,0.340419501,-0.936256362,0.996194614,0.036834110,-0.078990752}", "T": "{116.588,58.709,-89.047}", "sco": "79.956", "zsco": "7.258694", "Overlap": "0.5980,122/204", "CC": "0.823243", "PCC": "0.470822", "Score": "80.0", "Std": "6.693644", "Ave": "31.369249"}, "J132_class_02_final_volume_SAMIV": {"R": "{155.0,0.0,0.0}", "MTX": "{1.000000000,0.000000000,0.000000000,0.000000000,-0.906307549,-0.422618772,-0.000000000,0.422618772,-0.906307549}", "T": "{-86.000,114.288,34.597}", "sco": "24.252", "zsco": "4.779764", "Overlap": "0.2245,44/196", "CC": "0.400442", "PCC": "0.116719", "Score": "24.3", "Std": "2.154682", "Ave": "13.952806"}, "J132_class_00_axis_flipped_final_volume_FMN": {"R": "{90.0,55.0,5.0}", "MTX": "{0.571393969,0.816034782,0.087155991,0.049990484,0.071394106,-0.996194676,-0.819151930,0.573576600,0.000000187}", "T": "{-126.814,82.234,21.119}", "sco": "63.999", "zsco": "5.117613", "Overlap": "0.3787,103/272", "CC": "0.632818", "PCC": "0.307146", "Score": "64.0", "Std": "5.433454", "Ave": "36.192215"}, "J132_class_00_axis_flipped_final_volume_SAMIV": {"R": "{180.0,5.0,355.0}", "MTX": "{0.992403766,-0.087156970,-0.086824118,-0.086825368,-0.996194591,0.007595583,-0.087155725,0.000000651,-0.996194700}", "T": "{-70.384,99.486,93.168}", "sco": "32.499", "zsco": "6.344163", "Overlap": "0.2402,55/229", "CC": "0.487691", "PCC": "0.212502", "Score": "32.5", "Std": "2.636599", "Ave": "15.772121"}, "J132_class_01_axis_flipped_final_volume_FMN": {"R": "{115.0,60.0,90.0}", "MTX": "{0.000000163,0.422618140,0.906307844,0.500000189,0.784885483,-0.365998073,-0.866025295,0.453154153,-0.211309021}", "T": "{-114.288,-86.024,53.679}", "sco": "61.705", "zsco": "4.803858", "Overlap": "0.3251,105/323", "CC": "0.649002", "PCC": "0.273209", "Score": "61.7", "Std": "5.422998", "Ave": "35.653620"}, "J132_class_01_axis_flipped_final_volume_SAMIV": {"R": "{35.0,175.0,145.0}", "MTX": "{0.816034577,-0.510796785,0.270507326,-0.571394203,-0.642336298,0.510796188,-0.087156376,-0.571393669,-0.816034951}", "T": "{-49.514,67.452,133.814}", "sco": "31.594", "zsco": "6.128598", "Overlap": "0.1910,51/267", "CC": "0.494414", "PCC": "0.199777", "Score": "31.6", "Std": "2.493653", "Ave": "16.311687"}, "J132_class_02_axis_flipped_final_volume_FMN": {"R": "{150.0,35.0,120.0}", "MTX": "{-0.409575749,0.606605843,0.681378791,0.709406722,0.681378373,-0.180182175,-0.573576332,0.409576445,-0.709406320}", "T": "{-82.543,-111.112,82.113}", "sco": "58.465", "zsco": "5.001762", "Overlap": "0.4181,97/232", "CC": "0.726772", "PCC": "0.299692", "Score": "58.5", "Std": "5.424386", "Ave": "31.333178"}, "J132_class_02_axis_flipped_final_volume_SAMIV": {"R": "{90.0,205.0,355.0}", "MTX": "{-0.902859224,-0.421009324,-0.087157164,0.078991120,0.036834418,-0.996194574,0.422617587,-0.906308102,-0.000000296}", "T": "{128.348,82.712,41.597}", "sco": "25.800", "zsco": "5.576401", "Overlap": "0.2421,46/190", "CC": "0.405887", "PCC": "0.133724", "Score": "25.8", "Std": "2.105636", "Ave": "14.057936"}, "J132_class_00_axis_flipped_axis_flipped_final_volume_FMN": {"R": "{235.0,85.0,355.0}", "MTX": "{0.086824385,-0.862920343,-0.497825279,-0.007596262,-0.500271303,0.865835388,-0.996194671,-0.071394014,-0.049990718}", "T": "{116.557,-23.785,103.112}", "sco": "66.282", "zsco": "5.658550", "Overlap": "0.3696,102/276", "CC": "0.701635", "PCC": "0.445859", "Score": "66.3", "Std": "5.507355", "Ave": "35.117859"}, "J132_class_00_axis_flipped_axis_flipped_final_volume_SAMIV": {"R": "{185.0,150.0,25.0}", "MTX": "{-0.784885354,0.381515315,-0.488263296,-0.365997964,-0.921275780,-0.131515881,-0.500000472,0.075478484,0.862729695}", "T": "{76.680,129.016,-37.686}", "sco": "27.045", "zsco": "4.527441", "Overlap": "0.2060,48/233", "CC": "0.446427", "PCC": "0.250632", "Score": "27.0", "Std": "2.565972", "Ave": "15.428132"}, "J132_class_01_axis_flipped_axis_flipped_final_volume_FMN": {"R": "{180.0,235.0,120.0}", "MTX": "{0.286788351,0.866025889,-0.409574902,-0.496732495,0.499999159,0.709406561,0.819151555,-0.000000375,0.573577135}", "T": "{-63.919,-68.290,-126.775}", "sco": "58.425", "zsco": "4.751363", "Overlap": "0.3387,106/313", "CC": "0.664323", "PCC": "0.302645", "Score": "58.4", "Std": "4.813943", "Ave": "35.552006"}, "J132_class_01_axis_flipped_axis_flipped_final_volume_SAMIV": {"R": "{180.0,180.0,90.0}", "MTX": "{-0.000000327,1.000000000,0.000000654,-1.000000000,-0.000000327,-0.000000654,-0.000000654,-0.000000654,1.000000000}", "T": "{-93.000,93.000,-86.000}", "sco": "33.379", "zsco": "6.644209", "Overlap": "0.2389,59/247", "CC": "0.530333", "PCC": "0.214360", "Score": "33.4", "Std": "2.603814", "Ave": "16.078268"}, "J132_class_02_axis_flipped_axis_flipped_final_volume_FMN": {"R": "{335.0,265.0,95.0}", "MTX": "{0.007596177,-0.939551921,-0.342322196,-0.086825046,0.340419501,-0.936256362,0.996194614,0.036834110,-0.078990752}", "T": "{116.588,58.709,-89.047}", "sco": "79.956", "zsco": "7.258694", "Overlap": "0.5980,122/204", "CC": "0.823243", "PCC": "0.470822", "Score": "80.0", "Std": "6.693644", "Ave": "31.369249"}, "J132_class_02_axis_flipped_axis_flipped_final_volume_SAMIV": {"R": "{155.0,0.0,0.0}", "MTX": "{1.000000000,0.000000000,0.000000000,0.000000000,-0.906307549,-0.422618772,-0.000000000,0.422618772,-0.906307549}", "T": "{-86.000,114.288,34.597}", "sco": "24.252", "zsco": "4.779764", "Overlap": "0.2245,44/196", "CC": "0.400442", "PCC": "0.116719", "Score": "24.3", "Std": "2.154682", "Ave": "13.952806"}, "J133_class_00_final_volume_FMN": {"R": "{175.0,270.0,55.0}", "MTX": "{-0.000000562,0.766043906,0.642788249,-0.000000803,-0.642788249,0.766043906,1.000000000,-0.000000085,0.000000977}", "T": "{-128.160,-17.600,-93.000}", "sco": "56.775", "zsco": "3.945053", "Overlap": "0.3416,96/281", "CC": "0.719051", "PCC": "0.328224", "Score": "56.8", "Std": "5.545146", "Ave": "34.899003"}, "J133_class_00_final_volume_SAMIV": {"R": "{175.0,0.0,5.0}", "MTX": "{0.996194700,0.086824066,0.007596177,0.087155725,-0.992403823,-0.086824720,-0.000000000,0.087156376,-0.996194643}", "T": "{-100.793,85.318,71.177}", "sco": "28.605", "zsco": "5.330587", "Overlap": "0.2198,51/232", "CC": "0.490559", "PCC": "0.187509", "Score": "28.6", "Std": "2.455973", "Ave": "15.513087"}, "J133_class_01_final_volume_FMN": {"R": "{65.0,65.0,85.0}", "MTX": "{0.036833757,-0.349420849,0.936241606,0.421010273,0.855101708,0.302574649,-0.906307687,0.383022373,0.178606376}", "T": "{-53.634,-149.767,29.642}", "sco": "59.118", "zsco": "5.061687", "Overlap": "0.3491,96/275", "CC": "0.664353", "PCC": "0.356187", "Score": "59.1", "Std": "5.121744", "Ave": "33.193539"}, "J133_class_01_final_volume_SAMIV": {"R": "{205.0,0.0,60.0}", "MTX": "{0.500000189,0.784885741,-0.365997520,0.866025295,-0.453154222,0.211308873,-0.000000000,-0.422617587,-0.906308102}", "T": "{-72.024,-53.679,121.288}", "sco": "28.977", "zsco": "5.228423", "Overlap": "0.1775,41/231", "CC": "0.329247", "PCC": "0.112696", "Score": "29.0", "Std": "2.588672", "Ave": "15.442144"}, "J133_class_02_final_volume_FMN": {"R": "{180.0,265.0,30.0}", "MTX": "{-0.075479922,0.499999342,0.862730224,-0.043578342,-0.866025784,0.498096647,0.996194614,-0.000000057,0.087156701}", "T": "{-110.703,28.390,-100.168}", "sco": "59.258", "zsco": "3.832746", "Overlap": "0.3137,96/306", "CC": "0.693339", "PCC": "0.357748", "Score": "59.3", "Std": "5.787451", "Ave": "37.075941"}, "J133_class_02_final_volume_SAMIV": {"R": "{175.0,175.0,90.0}", "MTX": "{-0.000000326,0.996194645,0.087156347,-0.996194643,0.007595908,-0.086824743,-0.087156376,-0.086824715,0.992403766}", "T": "{-93.168,99.486,-70.384}", "sco": "28.734", "zsco": "5.646039", "Overlap": "0.2120,53/250", "CC": "0.441384", "PCC": "0.120595", "Score": "28.7", "Std": "2.268556", "Ave": "15.925700"}, "J133_class_03_final_volume_FMN": {"R": "{150.0,60.0,120.0}", "MTX": "{-0.249999906,0.533493588,0.808012771,0.433012974,0.808012640,-0.399518883,-0.866025295,0.250000330,-0.433012729}", "T": "{-100.870,-79.370,97.217}", "sco": "70.181", "zsco": "5.354018", "Overlap": "0.4694,115/245", "CC": "0.770929", "PCC": "0.354939", "Score": "70.2", "Std": "6.370823", "Ave": "36.071909"}, "J133_class_03_final_volume_SAMIV": {"R": "{335.0,180.0,5.0}", "MTX": "{-0.996194700,-0.078990142,-0.036833107,-0.087155725,0.902858478,0.421011222,-0.000000654,0.422619364,-0.906307273}", "T": "{102.634,-113.357,41.597}", "sco": "31.158", "zsco": "6.441333", "Overlap": "0.2455,55/224", "CC": "0.526841", "PCC": "0.186579", "Score": "31.2", "Std": "2.391821", "Ave": "15.751616"}, "J133_class_00_axis_flipped_final_volume_FMN": {"R": "{300.0,270.0,115.0}", "MTX": "{0.000000414,-0.819151180,-0.573577671,-0.000000889,0.573577671,-0.819151180,1.000000000,0.000000849,-0.000000490}", "T": "{126.775,21.119,-93.000}", "sco": "63.861", "zsco": "4.977127", "Overlap": "0.3832,105/274", "CC": "0.743838", "PCC": "0.367704", "Score": "63.9", "Std": "5.851178", "Ave": "34.738962"}, "J133_class_00_axis_flipped_final_volume_SAMIV": {"R": "{265.0,325.0,5.0}", "MTX": "{0.816034250,0.576816597,-0.037023180,0.071393731,-0.037024723,0.996760806,0.573577403,-0.816034180,-0.071394531}", "T": "{-123.601,-95.677,19.991}", "sco": "29.304", "zsco": "5.300524", "Overlap": "0.2152,48/223", "CC": "0.439601", "PCC": "0.221955", "Score": "29.3", "Std": "2.566383", "Ave": "15.701189"}, "J133_class_01_axis_flipped_final_volume_FMN": {"R": "{300.0,60.0,120.0}", "MTX": "{-0.249999906,-0.058012088,-0.966506412,0.433012974,-0.899518883,-0.058013308,-0.866025295,-0.433013138,0.249999623}", "T": "{116.609,38.109,97.217}", "sco": "57.021", "zsco": "4.790099", "Overlap": "0.3368,96/285", "CC": "0.615850", "PCC": "0.276023", "Score": "57.0", "Std": "4.960220", "Ave": "33.260627"}, "J133_class_01_axis_flipped_final_volume_SAMIV": {"R": "{305.0,175.0,95.0}", "MTX": "{0.086823742,-0.565170513,-0.820392546,-0.992403851,-0.121112908,-0.021593043,-0.087156376,0.816035511,-0.571392869}", "T": "{118.692,104.619,-6.544}", "sco": "33.922", "zsco": "7.120373", "Overlap": "0.2435,56/230", "CC": "0.492012", "PCC": "0.151245", "Score": "33.9", "Std": "2.627445", "Ave": "15.214105"}, "J133_class_02_axis_flipped_final_volume_FMN": {"R": "{0.