{"J120_class_00_final_volume_FMN": {"R": "{180.0,90.0,95.0}", "MTX": "{-0.000000028,0.996194671,0.087156050,0.000000326,0.087156050,-0.996194671,-1.000000000,0.000000000,-0.000000327}", "T": "{-100.168,78.177,93.000}", "sco": "79.686", "zsco": "3.864153", "Overlap": "0.5040,126/250", "CC": "0.787591", "PCC": "0.499864", "Score": "79.7", "Std": "7.207031", "Ave": "51.836979"}, "J120_class_00_final_volume_SAMIV": {"R": "{30.0,355.0,125.0}", "MTX": "{-0.571393370,-0.684411162,0.452869713,0.816035091,-0.532428907,0.224958195,0.087157027,0.498097199,0.862729873}", "T": "{69.052,-43.737,-124.527}", "sco": "27.986", "zsco": "4.297487", "Overlap": "0.2314,53/229", "CC": "0.448014", "PCC": "0.146912", "Score": "28.0", "Std": "2.097831", "Ave": "18.970219"}, "J120_class_01_final_volume_FMN": {"R": "{180.0,85.0,95.0}", "MTX": "{-0.007596120,0.996194671,0.086824395,0.086824398,0.087156048,-0.992403823,-0.996194671,0.000000057,-0.087156050}", "T": "{-99.486,77.384,100.168}", "sco": "49.162", "zsco": "4.422084", "Overlap": "0.3992,95/238", "CC": "0.616381", "PCC": "0.269440", "Score": "49.2", "Std": "4.786597", "Ave": "27.995167"}, "J120_class_01_final_volume_SAMIV": {"R": "{5.0,175.0,5.0}", "MTX": "{-0.992403823,-0.079256800,0.094090446,-0.086824066,0.993065930,-0.079256800,-0.087156376,-0.086824066,-0.992403823}", "T": "{91.071,-71.121,107.309}", "sco": "27.425", "zsco": "5.546037", "Overlap": "0.3118,58/186", "CC": "0.544057", "PCC": "0.294272", "Score": "27.4", "Std": "2.414528", "Ave": "14.034000"}, "J120_class_02_final_volume_FMN": {"R": "{330.0,270.0,115.0}", "MTX": "{0.000000414,-0.996194557,-0.087157352,-0.000000889,0.087157352,-0.996194557,1.000000000,0.000000490,-0.000000849}", "T": "{100.168,78.177,-93.000}", "sco": "76.358", "zsco": "7.818657", "Overlap": "0.5692,111/195", "CC": "0.813742", "PCC": "0.453915", "Score": "76.4", "Std": "6.092441", "Ave": "28.723403"}, "J120_class_02_final_volume_SAMIV": {"R": "{155.0,355.0,5.0}", "MTX": "{0.992403766,0.042295861,0.115524132,0.086824061,-0.906069088,-0.414126056,0.087157027,0.421010532,-0.902858674}", "T": "{-105.919,106.070,26.943}", "sco": "21.931", "zsco": "4.559556", "Overlap": "0.2120,39/184", "CC": "0.420510", "PCC": "0.092666", "Score": "21.9", "Std": "1.961516", "Ave": "12.987169"}, "J120_class_00_axis_flipped_final_volume_FMN": {"R": "{270.0,240.0,120.0}", "MTX": "{0.250000189,-0.433011308,-0.866026046,-0.433013464,0.750000302,-0.499998887,0.866024968,0.500000755,0.000000490}", "T": "{90.217,8.739,-124.478}", "sco": "78.045", "zsco": "3.707029", "Overlap": "0.4764,121/254", "CC": "0.739525", "PCC": "0.422944", "Score": "78.0", "Std": "7.069252", "Ave": "51.839389"}, "J120_class_00_axis_flipped_final_volume_SAMIV": {"R": "{65.0,330.0,65.0}", "MTX": "{0.365998083,-0.574533957,0.732090251,0.784884938,-0.232091288,-0.574533957,0.500001038,0.784884938,0.365998083}", "T": "{-45.026,1.870,-148.976}", "sco": "27.911", "zsco": "4.299156", "Overlap": "0.2137,50/234", "CC": "0.404120", "PCC": "0.154317", "Score": "27.9", "Std": "2.061484", "Ave": "19.047977"}, "J120_class_01_axis_flipped_final_volume_FMN": {"R": "{115.0,185.0,125.0}", "MTX": "{0.571393468,0.391494806,0.721277562,-0.816035231,0.177699205,0.550008632,0.087155074,-0.902859241,0.421009719}", "T": "{-151.838,0.596,26.944}", "sco": "51.862", "zsco": "5.112006", "Overlap": "0.3440,86/250", "CC": "0.631699", "PCC": "0.306930", "Score": "51.9", "Std": "4.603169", "Ave": "28.330608"}, "J120_class_01_axis_flipped_final_volume_SAMIV": {"R": "{0.0,0.0,0.0}", "MTX": "{1.000000000,0.000000000,0.000000000,0.000000000,1.000000000,0.000000000,-0.000000000,0.000000000,1.000000000}", "T": "{-86.000,-86.000,-86.000}", "sco": "56.709", "zsco": "14.938085", "Overlap": "0.3743,67/179", "CC": "0.640553", "PCC": "0.417546", "Score": "56.7", "Std": "2.865666", "Ave": "13.901852"}, "J120_class_02_axis_flipped_final_volume_FMN": {"R": "{90.0,205.0,150.0}", "MTX": "{0.784885593,0.365997288,0.500000591,-0.453154478,-0.211309276,0.866025062,0.422617587,-0.906308102,-0.000000296}", "T": "{-155.976,-17.334,48.597}", "sco": "56.700", "zsco": "5.526389", "Overlap": "0.4155,91/219", "CC": "0.677641", "PCC": "0.237211", "Score": "56.7", "Std": "5.024534", "Ave": "28.932156"}, "J120_class_02_axis_flipped_final_volume_SAMIV": {"R": "{90.0,205.0,0.0}", "MTX": "{-0.906308102,-0.422617587,-0.000000138,-0.000000000,0.000000327,-1.000000000,0.422617587,-0.906308102,-0.000000296}", "T": "{121.288,93.000,41.597}", "sco": "24.683", "zsco": "5.348691", "Overlap": "0.2418,44/182", "CC": "0.426189", "PCC": "0.080887", "Score": "24.7", "Std": "2.135162", "Ave": "13.263108"}, "J121_class_00_final_volume_FMN": {"R": "{90.0,335.0,90.0}", "MTX": "{0.000000296,-0.000000465,1.000000000,0.906307273,-0.422619364,-0.000000465,0.422619364,0.906307273,0.000000296}", "T": "{-86.000,-48.597,-114.288}", "sco": "60.340", "zsco": "4.543496", "Overlap": "0.3439,98/285", "CC": "0.691047", "PCC": "0.378952", "Score": "60.3", "Std": "5.664887", "Ave": "34.601637"}, "J121_class_00_final_volume_SAMIV": {"R": "{5.0,180.0,5.0}", "MTX": "{-0.996194700,-0.086824014,0.007596769,-0.087155725,0.992403885,-0.086824014,-0.000000654,-0.087155725,-0.996194700}", "T": "{99.486,-70.384,100.168}", "sco": "44.807", "zsco": "9.769806", "Overlap": "0.3128,71/227", "CC": "0.619848", "PCC": "0.339085", "Score": "44.8", "Std": "2.890636", "Ave": "16.565584"}, "J121_class_01_final_volume_FMN": {"R": "{330.0,270.0,115.0}", "MTX": "{0.000000414,-0.996194557,-0.087157352,-0.000000889,0.087157352,-0.996194557,1.000000000,0.000000490,-0.000000849}", "T": "{100.168,78.177,-93.000}", "sco": "76.943", "zsco": "7.872889", "Overlap": "0.5744,112/195", "CC": "0.810307", "PCC": "0.473337", "Score": "76.9", "Std": "6.083824", "Ave": "29.045848"}, "J121_class_01_final_volume_SAMIV": {"R": "{155.0,355.0,5.0}", "MTX": "{0.992403766,0.042295861,0.115524132,0.086824061,-0.906069088,-0.414126056,0.087157027,0.421010532,-0.902858674}", "T": "{-105.919,106.070,26.943}", "sco": "21.959", "zsco": "4.394789", "Overlap": "0.2097,39/186", "CC": "0.420774", "PCC": "0.094498", "Score": "22.0", "Std": "1.998207", "Ave": "13.177035"}, "J121_class_02_final_volume_FMN": {"R": "{355.0,115.0,175.0}", "MTX": "{0.421009671,-0.008134192,-0.907019675,-0.036833843,-0.999288288,-0.008135437,-0.906307964,0.036834118,-0.421009647}", "T": "{49.496,96.806,117.982}", "sco": "54.460", "zsco": "5.704434", "Overlap": "0.3586,90/251", "CC": "0.587464", "PCC": "0.342095", "Score": "54.5", "Std": "4.530779", "Ave": "28.614014"}, "J121_class_02_final_volume_SAMIV": {"R": "{175.0,0.0,0.0}", "MTX": "{1.000000000,0.000000000,0.000000000,0.000000000,-0.996194643,-0.087156376,-0.000000000,0.087156376,-0.996194643}", "T": "{-86.000,100.168,78.177}", "sco": "50.718", "zsco": "13.473661", "Overlap": "0.3492,66/189", "CC": "0.614545", "PCC": "0.327191", "Score": "50.7", "Std": "2.720962", "Ave": "14.056341"}, "J121_class_03_final_volume_FMN": {"R": "{210.0,60.0,95.0}", "MTX": "{-0.043577716,0.900469662,-0.432730136,0.498097552,-0.355885524,-0.790723923,-0.866025295,-0.249999764,-0.433013056}", "T": "{-36.478,55.772,140.217}", "sco": "75.581", "zsco": "3.876471", "Overlap": "0.4402,114/259", "CC": "0.728128", "PCC": "0.447322", "Score": "75.6", "Std": "5.936841", "Ave": "52.567400"}, "J121_class_03_final_volume_SAMIV": {"R": "{355.0,175.0,120.0}", "MTX": "{0.498096945,-0.858931893,-0.118892540,-0.862730085,-0.504675499,0.031613943,-0.087156376,0.086825363,-0.992403709}", "T": "{41.257,121.878,99.375}", "sco": "27.076", "zsco": "4.651234", "Overlap": "0.2271,52/229", "CC": "0.471915", "PCC": "0.151597", "Score": "27.1", "Std": "1.734569", "Ave": "19.008533"}, "J121_class_00_axis_flipped_final_volume_FMN": {"R": "{150.0,240.0,125.0}", "MTX": "{0.286788465,0.957772313,-0.020605158,-0.409576771,0.142027778,0.901152029,0.866024968,-0.250000613,0.433013219}", "T": "{-112.260,-54.490,-90.217}", "sco": "61.424", "zsco": "4.678306", "Overlap": "0.4598,120/261", "CC": "0.676143", "PCC": "0.314648", "Score": "61.4", "Std": "5.638506", "Ave": "35.045745"}, "J121_class_00_axis_flipped_final_volume_SAMIV": {"R": "{0.0,0.0,25.0}", "MTX": "{0.906307825,-0.422618179,0.000000000,0.422618179,0.906307825,0.000000000,-0.000000000,0.000000000,1.000000000}", "T": "{-41.597,-114.288,-86.000}", "sco": "34.635", "zsco": "5.952814", "Overlap": "0.2314,56/242", "CC": "0.490103", "PCC": "0.215451", "Score": "34.6", "Std": "2.948574", "Ave": "17.082332"}, "J121_class_01_axis_flipped_final_volume_FMN": {"R": "{90.0,205.0,150.0}", "MTX": "{0.784885593,0.365997288,0.500000591,-0.453154478,-0.211309276,0.866025062,0.422617587,-0.906308102,-0.000000296}", "T": "{-155.976,-17.334,48.597}", "sco": "56.474", "zsco": "5.437596", "Overlap": "0.4101,89/217", "CC": "0.659241", "PCC": "0.250302", "Score": "56.5", "Std": "5.108242", "Ave": "28.697330"}, "J121_class_01_axis_flipped_final_volume_SAMIV": {"R": "{90.0,210.0,0.0}", "MTX": "{-0.866025785,-0.499999340,-0.000000163,-0.000000000,0.000000327,-1.000000000,0.499999340,-0.866025785,-0.000000283}", "T": "{124.478,93.000,31.478}", "sco": "25.183", "zsco": "5.680303", "Overlap": "0.2500,45/180", "CC": "0.442615", "PCC": "0.109762", "Score": "25.2", "Std": "2.108370", "Ave": "13.206665"}, "J121_class_02_axis_flipped_final_volume_FMN": {"R": "{65.0,175.0,355.0}", "MTX": "{-0.992403709,0.115524072,-0.042297357,0.086825363,0.414125661,-0.906069144,-0.087156376,-0.902858863,-0.421010261}", "T": "{79.049,34.840,128.348}", "sco": "59.904", "zsco": "6.524848", "Overlap": "0.4077,95/233", "CC": "0.615023", "PCC": "0.316940", "Score": "59.9", "Std": "4.881711", "Ave": "28.051244"}, "J121_class_02_axis_flipped_final_volume_SAMIV": {"R": "{265.0,5.0,355.0}", "MTX": "{0.992403766,-0.094089981,0.079258062,-0.086825368,-0.079257707,0.993065744,-0.087155725,-0.992403795,-0.086825044}", "T": "{-84.071,-64.121,100.309}", "sco": "28.803", "zsco": "5.666237", "Overlap": "0.2525,50/198", "CC": "0.477220", "PCC": "0.128265", "Score": "28.8", "Std": "2.548759", "Ave": "14.361543"}, "J121_class_03_axis_flipped_final_volume_FMN": {"R": "{270.0,235.0,95.0}", "MTX": "{0.049990344,-0.071392504,-0.996194798,-0.571394518,0.816034546,-0.087154599,0.819151555,0.573577135,0.000000562}", "T": "{87.513,-20.544,-126.775}", "sco": "73.054", "zsco": "3.723911", "Overlap": "0.4688,120/256", "CC": "0.732202", "PCC": "0.416184", "Score": "73.1", "Std": "5.464073", "Ave": "52.706089"}, "J121_class_03_axis_flipped_final_volume_SAMIV": {"R": "{185.0,175.0,125.0}", "MTX": "{0.571393403,0.820392184,-0.021592696,-0.816035137,0.565171089,-0.121112737,-0.087156376,0.086823417,0.992403880}", "T": "{-124.837,31.990,-71.318}", "sco": "27.153", "zsco": "4.690410", "Overlap": "0.1966,46/234", "CC": "0.466107", "PCC": "0.158281", "Score": "27.2", "Std": "1.730178", "Ave": "19.037619"}, "J122_class_00_final_volume_FMN": {"R": "{265.0,25.0,155.0}", "MTX": "{-0.821393624,0.418398558,-0.387627606,0.383022700,-0.098935933,-0.918425442,-0.422618179,-0.902858974,-0.078990800}", "T": "{67.994,61.553,127.784}", "sco": "60.727", "zsco": "4.209506", "Overlap": "0.4541,104/229", "CC": "0.699538", "PCC": "0.309139", "Score": "60.7", "Std": "6.255312", "Ave": "34.395257"}, "J122_class_00_final_volume_SAMIV": {"R": "{5.0,0.0,175.0}", "MTX": "{-0.996194643,-0.086824720,0.007596177,0.087156376,-0.992403823,0.086824066,-0.000000000,0.087155725,0.996194700}", "T": "{92.486,70.384,-107.168}", "sco": "27.325", "zsco": "5.007749", "Overlap": "0.2217,47/212", "CC": "0.463264", "PCC": "0.172632", "Score": "27.3", "Std": "2.450860", "Ave": "15.051325"}, "J122_class_01_final_volume_FMN": {"R": "{90.0,205.0,150.0}", "MTX": "{0.784885593,0.365997288,0.500000591,-0.453154478,-0.211309276,0.866025062,0.422617587,-0.906308102,-0.000000296}", "T": "{-155.976,-17.334,48.597}", "sco": "62.292", "zsco": "6.284215", "Overlap": "0.4491,97/216", "CC": "0.708624", "PCC": "0.228484", "Score": "62.3", "Std": "5.221419", "Ave": "29.479217"}, "J122_class_01_final_volume_SAMIV": {"R": "{90.0,215.0,0.0}", "MTX": "{-0.819152492,-0.573575797,-0.000000187,-0.000000000,0.000000327,-1.000000000,0.573575797,-0.819152492,-0.000000268}", "T": "{126.775,93.000,21.120}", "sco": "23.827", "zsco": "5.065231", "Overlap": "0.2394,45/188", "CC": "0.420873", "PCC": "0.125328", "Score": "23.8", "Std": "2.077397", "Ave": "13.304589"}, "J122_class_02_final_volume_FMN": {"R": "{150.0,270.0,55.0}", "MTX": "{-0.000000562,0.422617587,0.906308102,-0.000000803,-0.906308102,0.422617587,1.000000000,-0.000000490,0.000000849}", "T": "{-121.288,41.597,-93.000}", "sco": "84.050", "zsco": "4.270480", "Overlap": "0.5181,129/249", "CC": "0.775296", "PCC": "0.462924", "Score": "84.1", "Std": "7.412806", "Ave": "52.394248"}, "J122_class_02_final_volume_SAMIV": {"R": "{175.0,175.0,145.0}", "MTX": "{0.816034577,0.565171735,0.121113497,-0.571394203,0.820391601,0.021593649,-0.087156376,-0.086824715,0.992403766}", "T": "{-136.200,-23.271,-70.384}", "sco": "31.685", "zsco": "5.417806", "Overlap": "0.2585,61/236", "CC": "0.465558", "PCC": "0.196692", "Score": "31.7", "Std": "2.282458", "Ave": "19.319442"}, "J122_class_03_final_volume_FMN": {"R": "{300.0,0.0,30.0}", "MTX": "{0.866025458,-0.249999481,-0.433012893,0.499999906,0.433011912,0.750000519,-0.000000000,-0.866025948,0.499999057}", "T": "{-8.739,-151.739,31.478}", "sco": "47.117", "zsco": "5.045106", "Overlap": "0.3031,77/254", "CC": "0.551991", "PCC": "0.238540", "Score": "47.1", "Std": "4.179150", "Ave": "26.032944"}, "J122_class_03_final_volume_SAMIV": {"R": "{5.0,180.0,5.0}", "MTX": "{-0.996194700,-0.086824014,0.007596769,-0.087155725,0.992403885,-0.086824014,-0.000000654,-0.087155725,-0.996194700}", "T": "{99.486,-70.384,100.168}", "sco": "36.646", "zsco": "9.907469", "Overlap": "0.3652,65/178", "CC": "0.641450", "PCC": "0.382260", "Score": "36.6", "Std": "2.384738", "Ave": "13.018866"}, "J122_class_04_final_volume_FMN": {"R": "{305.0,235.0,95.0}", "MTX": "{0.049990344,-0.629875079,-0.775086027,-0.571394518,0.618466611,-0.539450976,0.819151555,0.469847247,-0.328989809}", "T": "{123.527,42.345,-82.561}", "sco": "82.244", "zsco": "4.180554", "Overlap": "0.4585,116/253", "CC": "0.749014", "PCC": "0.456120", "Score": "82.2", "Std": "7.525369", "Ave": "50.784026"}, "J122_class_04_final_volume_SAMIV": {"R": "{30.0,355.0,125.0}", "MTX": "{-0.571393370,-0.684411162,0.452869713,0.816035091,-0.532428907,0.224958195,0.087157027,0.498097199,0.862729873}", "T": "{69.052,-43.737,-124.527}", "sco": "29.852", "zsco": "4.922233", "Overlap": "0.2534,56/221", "CC": "0.485380", "PCC": "0.122741", "Score": "29.9", "Std": "2.295379", "Ave": "18.553275"}, "J122_class_00_axis_flipped_final_volume_FMN": {"R": "{25.0,90.0,90.0}", "MTX": "{0.000000000,-0.906307687,0.422618476,0.000000327,0.422618476,0.906307687,-1.000000000,0.000000138,0.000000296}", "T": "{41.597,-121.288,86.000}", "sco": "84.677", "zsco": "7.265632", "Overlap": "0.5755,122/212", "CC": "0.807273", "PCC": "0.458767", "Score": "84.7", "Std": "6.949399", "Ave": "34.184862"}, "J122_class_00_axis_flipped_final_volume_SAMIV": {"R": "{330.0,25.0,90.0}", "MTX": "{0.000000296,-0.866024874,-0.500000918,0.906307825,-0.211309245,0.365997990,-0.422618179,-0.453154853,0.784885057}", "T": "{117.478,-98.246,14.816}", "sco": "28.495", "zsco": "5.505485", "Overlap": "0.2184,45/206", "CC": "0.472954", "PCC": "0.201861", "Score": "28.5", "Std": "2.413732", "Ave": "15.205764"}, "J122_class_01_axis_flipped_final_volume_FMN": {"R": "{325.0,270.0,115.0}", "MTX": "{0.000000414,-0.984807476,-0.173649751,-0.000000889,0.173649751,-0.984807476,1.000000000,0.000000562,-0.000000803}", "T": "{106.627,69.760,-93.000}", "sco": "79.229", "zsco": "7.958049", "Overlap": "0.5729,114/199", "CC": "0.818299", "PCC": "0.482421", "Score": "79.2", "Std": "6.191797", "Ave": "29.954317"}, "J122_class_01_axis_flipped_final_volume_SAMIV": {"R": "{150.0,355.0,0.0}", "MTX": "{0.996194586,-0.043578555,0.075480176,0.000000000,-0.866025131,-0.500000472,0.087157027,0.498097763,-0.862729547}", "T": "{-95.416,117.478,16.863}", "sco": "22.710", "zsco": "4.574822", "Overlap": "0.2131,39/183", "CC": "0.416939", "PCC": "0.140772", "Score": "22.7", "Std": "2.048506", "Ave": "13.338185"}, "J122_class_02_axis_flipped_final_volume_FMN": {"R": "{175.0,270.0,30.0}", "MTX": "{-0.000000849,0.422617587,0.906308102,-0.000000490,-0.906308102,0.422617587,1.000000000,-0.000000085,0.000000977}", "T": "{-121.288,41.597,-93.000}", "sco": "78.559", "zsco": "3.672718", "Overlap": "0.4767,123/258", "CC": "0.759814", "PCC": "0.467186", "Score": "78.6", "Std": "7.038756", "Ave": "52.707843"}, "J122_class_02_axis_flipped_final_volume_SAMIV": {"R": "{25.0,335.0,30.0}", "MTX": "{0.784885171,-0.607831713,-0.120398824,0.453153551,0.695582354,-0.557509685,0.422619364,0.383021930,0.821393374}", "T": "{-4.872,-57.845,-146.925}", "sco": "30.547", "zsco": "4.905157", "Overlap": "0.2333,56/240", "CC": "0.463677", "PCC": "0.197368", "Score": "30.5", "Std": "2.256675", "Ave": "19.477872"}, "J122_class_03_axis_flipped_final_volume_FMN": {"R": "{120.0,0.0,0.0}", "MTX": "{1.000000000,0.000000000,0.000000000,0.000000000,-0.499999623,-0.866025622,-0.000000000,0.866025622,-0.499999623}", "T": "{-86.000,117.478,-31.478}", "sco": "50.987", "zsco": "5.754367", "Overlap": "0.3787,89/235", "CC": "0.641397", "PCC": "0.345029", "Score": "51.0", "Std": "4.308665", "Ave": "26.193261"}, "J122_class_03_axis_flipped_final_volume_SAMIV": {"R": "{355.0,335.0,35.0}", "MTX": "{0.742403521,-0.541220785,-0.394863360,0.519836402,0.837162156,-0.170087152,0.422619364,-0.078991047,0.902858398}", "T": "{16.657,-102.074,-107.198}", "sco": "27.095", "zsco": "6.082227", "Overlap": "0.2222,44/198", "CC": "0.459768", "PCC": "0.106511", "Score": "27.1", "Std": "2.269688", "Ave": "13.289982"}, "J122_class_04_axis_flipped_final_volume_FMN": {"R": "{270.0,240.0,95.0}", "MTX": "{0.043577765,-0.075477775,-0.996194802,-0.498098116,0.862729593,-0.087154553,0.866024968,0.500000755,0.000000490}", "T": "{88.416,-30.863,-124.478}", "sco": "80.110", "zsco": "3.824726", "Overlap": "0.4960,123/248", "CC": "0.751514", "PCC": "0.438635", "Score": "80.1", "Std": "7.459412", "Ave": "51.579889"}, "J122_class_04_axis_flipped_final_volume_SAMIV": {"R": "{5.0,0.0,115.0}", "MTX": "{-0.422617883,-0.902859190,0.078989927,0.906307964,-0.421009695,0.036833568,-0.000000000,0.087155725,0.996194700}", "T": "{114.198,-44.903,-86.168}", "sco": "31.235", "zsco": "5.354108", "Overlap": "0.2356,53/225", "CC": "0.513685", "PCC": "0.208652", "Score": "31.2", "Std": "2.336007", "Ave": "18.727404"}, "J123_class_00_final_volume_FMN": {"R": "{0.0,30.0,85.0}", "MTX": "{0.075479358,-0.996194671,0.043578017,0.862729947,0.087156050,0.498097242,-0.499999906,0.000000000,0.866025458}", "T": "{75.434,-138.527,-38.478}", "sco": "53.724", "zsco": "4.338203", "Overlap": "0.3901,87/223", "CC": "0.615128", "PCC": "0.227078", "Score": "53.7", "Std": "5.591699", "Ave": "29.466523"}, "J123_class_00_final_volume_SAMIV": {"R": "{270.0,35.0,5.0}", "MTX": "{0.816034997,-0.571393617,-0.087156285,0.071393796,-0.049991438,0.996194651,-0.573576332,-0.819152117,-0.000000803}", "T": "{-13.544,-80.513,119.775}", "sco": "24.354", "zsco": "5.273579", "Overlap": "0.2031,39/192", "CC": "0.380559", "PCC": "0.063362", "Score": "24.4", "Std": "2.111010", "Ave": "13.221005"}, "J123_class_01_final_volume_FMN": {"R": "{215.0,95.0,95.0}", "MTX": "{0.007596064,0.865835395,-0.500271295,-0.086823749,-0.497825316,-0.862920385,-0.996194728,0.049990227,0.071393562}", "T": "{-32.092,131.491,75.234}", "sco": "80.380", "zsco": "4.374375", "Overlap": "0.4883,125/256", "CC": "0.761429", "PCC": "0.393144", "Score": "80.4", "Std": "7.836878", "Ave": "46.098993"}, "J123_class_01_final_volume_SAMIV": {"R": "{245.0,0.0,5.0}", "MTX": "{0.996194700,0.036833671,-0.078989879,0.087155725,-0.421010876,0.902858639,-0.000000000,-0.906307411,-0.422619068}", "T": "{-89.047,-48.934,114.288}", "sco": "31.864", "zsco": "4.647410", "Overlap": "0.2479,59/238", "CC": "0.503655", "PCC": "0.250205", "Score": "31.9", "Std": "2.957505", "Ave": "18.119165"}, "J123_class_02_final_volume_FMN": {"R": "{55.0,175.0,30.0}", "MTX": "{-0.862729922,-0.224958953,0.452869243,-0.498097227,0.532429088,-0.684411001,-0.087156376,-0.816034764,-0.571393936}", "T": "{61.594,62.907,133.814}", "sco": "54.793", "zsco": "5.635526", "Overlap": "0.3669,91/248", "CC": "0.598402", "PCC": "0.243916", "Score": "54.8", "Std": "4.658394", "Ave": "28.540747"}, "J123_class_02_final_volume_SAMIV": {"R": "{0.0,0.0,0.0}", "MTX": "{1.000000000,0.000000000,0.000000000,0.000000000,1.000000000,0.000000000,-0.000000000,0.000000000,1.000000000}", "T": "{-86.000,-86.000,-86.000}", "sco": "59.487", "zsco": "15.496400", "Overlap": "0.3944,71/180", "CC": "0.662373", "PCC": "0.482773", "Score": "59.5", "Std": "2.931098", "Ave": "14.065891"}, "J123_class_00_axis_flipped_final_volume_FMN": {"R": "{25.0,90.0,95.0}", "MTX": "{-0.000000028,-0.939692534,0.342020382,0.000000326,0.342020382,0.939692534,-1.000000000,0.000000138,0.000000296}", "T": "{51.400,-117.227,86.000}", "sco": "77.199", "zsco": "7.658571", "Overlap": "0.5644,114/202", "CC": "0.802044", "PCC": "0.529623", "Score": "77.2", "Std": "6.143062", "Ave": "30.152105"}, "J123_class_00_axis_flipped_final_volume_SAMIV": {"R": "{270.0,30.0,5.0}", "MTX": "{0.862729971,-0.498097170,-0.087156213,0.075479076,-0.043578831,0.996194657,-0.499999906,-0.866025458,-0.000000849}", "T": "{-23.863,-95.416,117.478}", "sco": "25.142", "zsco": "5.087035", "Overlap": "0.2366,44/186", "CC": "0.438709", "PCC": "0.185413", "Score": "25.1", "Std": "2.243971", "Ave": "13.726370"}, "J123_class_01_axis_flipped_final_volume_FMN": {"R": "{25.0,90.0,65.0}", "MTX": "{0.000000138,-0.642787498,0.766044536,0.000000296,0.766044536,0.642787498,-1.000000000,0.000000138,0.000000296}", "T": "{-10.600,-128.160,86.000}", "sco": "89.176", "zsco": "5.179754", "Overlap": "0.5400,135/250", "CC": "0.814722", "PCC": "0.532766", "Score": "89.2", "Std": "8.374994", "Ave": "45.795982"}, "J123_class_01_axis_flipped_final_volume_SAMIV": {"R": "{175.0,5.0,355.0}", "MTX": "{0.992403766,-0.079258093,-0.094089955,-0.086825368,-0.993065770,-0.079257382,-0.087155725,0.086824720,-0.992403823}", "T": "{-70.439,106.687,85.375}", "sco": "31.328", "zsco": "4.457179", "Overlap": "0.2363,56/237", "CC": "0.469745", "PCC": "0.191977", "Score": "31.3", "Std": "2.949956", "Ave": "18.179597"}, "J123_class_02_axis_flipped_final_volume_FMN": {"R": "{180.0,90.0,95.0}", "MTX": "{-0.000000028,0.996194671,0.087156050,0.000000326,0.087156050,-0.996194671,-1.000000000,0.000000000,-0.000000327}", "T": "{-100.168,85.177,93.000}", "sco": "51.239", "zsco": "4.609266", "Overlap": "0.4000,98/245", "CC": "0.628525", "PCC": "0.312974", "Score": "51.2", "Std": "4.902415", "Ave": "28.642430"}, "J123_class_02_axis_flipped_final_volume_SAMIV": {"R": "{330.0,155.0,25.0}", "MTX": "{-0.821393624,-0.557509574,0.120397631,-0.383022046,0.695581684,0.607832405,-0.422618772,0.453154715,-0.784884818}", "T": "{115.231,-72.154,64.874}", "sco": "27.600", "zsco": "5.479400", "Overlap": "0.2513,50/199", "CC": "0.463863", "PCC": "0.161136", "Score": "27.6", "Std": "2.431777", "Ave": "14.275588"}, "J124_class_00_final_volume_FMN": {"R": "{25.0,85.0,90.0}", "MTX": "{0.000000028,-0.906307688,0.422618475,0.087156050,0.421010275,0.902858888,-0.996194671,0.036833731,0.078990210}", "T": "{41.597,-128.348,75.712}", "sco": "97.770", "zsco": "8.278941", "Overlap": "0.6063,134/221", "CC": "0.863421", "PCC": "0.533412", "Score": "97.8", "Std": "7.513963", "Ave": "35.561894"}, "J124_class_00_final_volume_SAMIV": {"R": "{325.0,25.0,90.0}", "MTX": "{0.000000296,-0.819151447,-0.573577290,0.906307825,-0.242403970,0.346188447,-0.422618179,-0.519837689,0.742403294}", "T": "{119.775,-93.868,24.205}", "sco": "29.528", "zsco": "5.736537", "Overlap": "0.2282,47/206", "CC": "0.495746", "PCC": "0.173121", "Score": "29.5", "Std": "2.438283", "Ave": "15.540647"}, "J124_class_01_final_volume_FMN": {"R": "{30.0,90.0,35.0}", "MTX": "{0.000000268,-0.087155725,0.996194700,0.000000187,0.996194700,0.087155725,-1.000000000,0.000000163,0.000000283}", "T": "{-85.177,-100.168,86.000}", "sco": "82.940", "zsco": "4.476717", "Overlap": "0.5391,131/243", "CC": "0.803838", "PCC": "0.504480", "Score": "82.9", "Std": "7.538302", "Ave": "49.193197"}, "J124_class_01_final_volume_SAMIV": {"R": "{150.0,155.0,25.0}", "MTX": "{-0.821393624,0.557509495,-0.120397995,-0.383022046,-0.695582081,-0.607831950,-0.422618772,-0.453154202,0.784885114}", "T": "{33.048,152.034,0.816}", "sco": "29.845", "zsco": "4.869944", "Overlap": "0.2130,49/230", "CC": "0.401151", "PCC": "0.139046", "Score": "29.8", "Std": "2.402474", "Ave": "18.144760"}, "J124_class_02_final_volume_FMN": {"R": "{5.0,90.0,95.0}", "MTX": "{-0.000000028,-1.000000000,0.000000327,0.000000326,0.000000327,1.000000000,-1.000000000,0.000000028,0.000000326}", "T": "{93.000,-107.000,86.000}", "sco": "47.301", "zsco": "3.730554", "Overlap": "0.3303,73/221", "CC": "0.585715", "PCC": "0.235812", "Score": "47.3", "Std": "5.147208", "Ave": "28.099374"}, "J124_class_02_final_volume_SAMIV": {"R": "{325.0,335.0,35.0}", "MTX": "{0.742403521,-0.271279336,-0.612572064,0.519836402,0.810047300,0.271281195,0.422619364,-0.519837372,0.742402842}", "T": "{12.165,-144.700,-62.486}", "sco": "22.362", "zsco": "4.833714", "Overlap": "0.2000,35/175", "CC": "0.390339", "PCC": "0.141319", "Score": "22.4", "Std": "2.062481", "Ave": "12.392501"}, "J124_class_03_final_volume_FMN": {"R": "{55.0,175.0,30.0}", "MTX": "{-0.862729922,-0.224958953,0.452869243,-0.498097227,0.532429088,-0.684411001,-0.087156376,-0.816034764,-0.571393936}", "T": "{61.594,62.907,133.814}", "sco": "53.417", "zsco": "5.360832", "Overlap": "0.3589,89/248", "CC": "0.592124", "PCC": "0.235215", "Score": "53.4", "Std": "4.665326", "Ave": "28.407152"}, "J124_class_03_final_volume_SAMIV": {"R": "{0.0,0.0,0.0}", "MTX": "{1.000000000,0.000000000,0.000000000,0.000000000,1.000000000,0.000000000,-0.000000000,0.000000000,1.000000000}", "T": "{-86.000,-86.000,-86.000}", "sco": "59.135", "zsco": "15.393773", "Overlap": "0.3889,70/180", "CC": "0.659034", "PCC": "0.468220", "Score": "59.1", "Std": "2.928978", "Ave": "14.047209"}, "J124_class_00_axis_flipped_final_volume_FMN": {"R": "{335.0,235.0,90.0}", "MTX": "{-0.000000187,-0.906307160,-0.422619607,-0.573577135,0.346189605,-0.742402874,0.819151555,0.242404804,-0.519837129}", "T": "{114.288,83.402,-46.588}", "sco": "59.748", "zsco": "3.553986", "Overlap": "0.3967,96/242", "CC": "0.671596", "PCC": "0.373585", "Score": "59.7", "Std": "6.678717", "Ave": "36.012346"}, "J124_class_00_axis_flipped_final_volume_SAMIV": {"R": "{5.0,330.0,55.0}", "MTX": "{0.496731563,-0.841030105,-0.214303797,0.709405890,0.535697005,-0.458008736,0.500001038,0.075479019,0.862729320}", "T": "{48.040,-67.690,-130.686}", "sco": "27.068", "zsco": "4.587018", "Overlap": "0.2286,48/210", "CC": "0.452395", "PCC": "0.115011", "Score": "27.1", "Std": "2.523573", "Ave": "15.492488"}, "J124_class_01_axis_flipped_final_volume_FMN": {"R": "{335.0,90.0,115.0}", "MTX": "{-0.000000138,-0.642786998,-0.766044957,0.000000296,-0.766044957,0.642786998,-1.000000000,-0.000000138,0.000000296}", "T": "{128.160,10.600,93.000}", "sco": "79.874", "zsco": "4.083356", "Overlap": "0.4980,122/245", "CC": "0.745580", "PCC": "0.410324", "Score": "79.9", "Std": "7.406130", "Ave": "49.632248"}, "J124_class_01_axis_flipped_final_volume_SAMIV": {"R": "{85.0,0.0,0.0}", "MTX": "{1.000000000,0.000000000,0.000000000,0.000000000,0.087156050,-0.996194671,-0.000000000,0.996194671,0.087156050}", "T": "{-86.000,85.177,-100.168}", "sco": "30.989", "zsco": "5.175629", "Overlap": "0.2760,61/221", "CC": "0.485733", "PCC": "0.137092", "Score": "31.0", "Std": "2.436718", "Ave": "18.377826"}, "J124_class_02_axis_flipped_final_volume_FMN": {"R": "{125.0,270.0,125.0}", "MTX": "{0.000000562,0.939692310,0.342020996,-0.000000803,-0.342020996,0.939692310,1.000000000,-0.000000803,0.000000562}", "T": "{-117.227,-51.400,-86.000}", "sco": "76.069", "zsco": "8.183657", "Overlap": "0.4950,100/202", "CC": "0.758048", "PCC": "0.450415", "Score": "76.1", "Std": "5.751953", "Ave": "28.996628"}, "J124_class_02_axis_flipped_final_volume_SAMIV": {"R": "{335.0,355.0,0.0}", "MTX": "{0.996194586,0.036834247,-0.078991047,0.000000000,0.906307273,0.422619364,0.087157027,-0.421011122,0.902858398}", "T": "{-89.047,-121.288,-55.934}", "sco": "23.921", "zsco": "5.582709", "Overlap": "0.2360,42/178", "CC": "0.421081", "PCC": "0.111270", "Score": "23.9", "Std": "1.981113", "Ave": "12.861081"}, "J124_class_03_axis_flipped_final_volume_FMN": {"R": "{0.0,95.0,150.0}", "MTX": "{0.075478766,-0.500000472,-0.862729670,-0.043577741,-0.866025131,0.498097834,-0.996194728,-0.000000000,-0.087155399}", "T": "{117.704,42.389,100.168}", "sco": "50.535", "zsco": "4.540463", "Overlap": "0.3308,86/260", "CC": "0.538638", "PCC": "0.305640", "Score": "50.5", "Std": "4.833720", "Ave": "28.587357"}, "J124_class_03_axis_flipped_final_volume_SAMIV": {"R": "{0.0,185.0,5.0}", "MTX": "{-0.992403936,-0.087155725,-0.086823422,-0.086824076,0.996194700,-0.007596064,0.087155074,-0.000000000,-0.996194757}", "T": "{107.309,-77.553,78.177}", "sco": "28.286", "zsco": "5.854371", "Overlap": "0.2808,57/203", "CC": "0.511845", "PCC": "0.210809", "Score": "28.3", "Std": "2.389181", "Ave": "14.298693"}, "J125_class_00_final_volume_FMN": {"R": "{85.0,85.0,155.0}", "MTX": "{-0.078990186,-0.936256859,0.342320966,0.036833783,0.340418299,0.939552369,-0.996194671,0.086824393,0.007596177}", "T": "{57.872,-120.245,77.553}", "sco": "82.317", "zsco": "8.504778", "Overlap": "0.5779,115/199", "CC": "0.821868", "PCC": "0.548085", "Score": "82.3", "Std": "6.160928", "Ave": "29.919867"}, "J125_class_00_final_volume_SAMIV": {"R": "{325.0,25.0,90.0}", "MTX": "{0.000000296,-0.819151447,-0.573577290,0.906307825,-0.242403970,0.346188447,-0.422618179,-0.519837689,0.742403294}", "T": "{119.775,-93.868,24.205}", "sco": "24.410", "zsco": "5.026851", "Overlap": "0.2083,40/192", "CC": "0.477494", "PCC": "0.219866", "Score": "24.4", "Std": "2.163820", "Ave": "13.532924"}, "J125_class_01_final_volume_FMN": {"R": "{245.0,90.0,115.0}", "MTX": "{-0.000000138,0.766044747,-0.642787248,0.000000296,-0.642787248,-0.766044747,-1.000000000,-0.000000296,-0.000000138}", "T": "{-10.600,121.160,93.000}", "sco": "74.919", "zsco": "3.378027", "Overlap": "0.4313,113/262", "CC": "0.754751", "PCC": "0.446720", "Score": "74.9", "Std": "8.035240", "Ave": "47.776000"}, "J125_class_01_final_volume_SAMIV": {"R": "{60.0,330.0,25.0}", "MTX": "{0.784885057,-0.603752735,0.139420521,0.365997826,0.270154687,-0.890540306,0.500001038,0.749999387,0.433012566}", "T": "{-34.568,28.877,-158.739}", "sco": "28.302", "zsco": "3.954379", "Overlap": "0.2033,49/241", "CC": "0.369162", "PCC": "0.053166", "Score": "28.3", "Std": "2.633489", "Ave": "17.888380"}, "J125_class_02_final_volume_FMN": {"R": "{60.0,175.0,0.0}", "MTX": "{-0.996194643,0.075479626,0.043578204,-0.000000000,0.500000189,-0.866025295,-0.087156376,-0.862729759,-0.498097509}", "T": "{75.434,31.478,131.527}", "sco": "56.118", "zsco": "5.420725", "Overlap": "0.4016,98/244", "CC": "0.640304", "PCC": "0.315482", "Score": "56.1", "Std": "5.012842", "Ave": "28.945035"}, "J125_class_02_final_volume_SAMIV": {"R": "{355.0,0.0,0.0}", "MTX": "{1.000000000,-0.000000000,0.000000000,0.000000000,0.996194586,0.087157027,-0.000000000,-0.087157027,0.996194586}", "T": "{-86.000,-100.168,-78.177}", "sco": "29.903", "zsco": "6.097421", "Overlap": "0.2439,50/205", "CC": "0.531001", "PCC": "0.259996", "Score": "29.9", "Std": "2.540166", "Ave": "14.414460"}, "J125_class_03_final_volume_FMN": {"R": "{240.0,245.0,115.0}", "MTX": "{0.178606376,0.121448293,-0.976396474,-0.383023027,0.922656648,0.044699793,0.906307411,0.365998665,0.211309853}", "T": "{65.165,-57.253,-134.591}", "sco": "78.699", "zsco": "3.672962", "Overlap": "0.4979,120/241", "CC": "0.729909", "PCC": "0.406240", "Score": "78.7", "Std": "7.836392", "Ave": "49.916633"}, "J125_class_03_final_volume_SAMIV": {"R": "{5.0,5.0,120.0}", "MTX": "{-0.498096974,-0.866528191,0.032067088,0.862730134,-0.491518539,0.118769699,-0.087155725,0.086824071,0.992403880}", "T": "{121.600,-42.138,-85.318}", "sco": "29.250", "zsco": "4.484228", "Overlap": "0.2511,56/223", "CC": "0.490661", "PCC": "0.220817", "Score": "29.2", "Std": "2.361793", "Ave": "18.658938"}, "J125_class_04_final_volume_FMN": {"R": "{245.0,85.0,95.0}", "MTX": "{-0.007596120,0.499699890,-0.866165295,0.086824398,-0.862589457,-0.498398387,-0.996194671,-0.078990174,-0.036833809}", "T": "{32.169,116.578,102.634}", "sco": "91.631", "zsco": "7.587954", "Overlap": "0.5708,121/212", "CC": "0.814237", "PCC": "0.458701", "Score": "91.6", "Std": "7.268441", "Ave": "36.478021"}, "J125_class_04_final_volume_SAMIV": {"R": "{240.0,185.0,85.0}", "MTX": "{-0.086824400,0.504676493,-0.858931407,-0.992403908,0.031613159,0.118891091,0.087155074,0.862729532,0.498098130}", "T": "{44.933,72.403,-131.527}", "sco": "29.186", "zsco": "5.637265", "Overlap": "0.2591,50/193", "CC": "0.436555", "PCC": "0.155986", "Score": "29.2", "Std": "2.449659", "Ave": "15.376807"}, "J125_class_00_axis_flipped_final_volume_FMN": {"R": "{215.0,215.0,120.0}", "MTX": "{0.409575937,0.544912573,-0.731654180,-0.709407046,0.694489009,0.120111030,0.573575797,0.469846043,0.671010805}", "T": "{-26.164,-16.047,-147.441}", "sco": "52.840", "zsco": "4.185210", "Overlap": "0.3911,88/225", "CC": "0.625549", "PCC": "0.279463", "Score": "52.8", "Std": "5.576300", "Ave": "29.501874"}, "J125_class_00_axis_flipped_final_volume_SAMIV": {"R": "{270.0,35.0,5.0}", "MTX": "{0.816034997,-0.571393617,-0.087156285,0.071393796,-0.049991438,0.996194651,-0.573576332,-0.819152117,-0.000000803}", "T": "{-13.544,-80.513,119.775}", "sco": "24.668", "zsco": "5.266557", "Overlap": "0.2000,39/195", "CC": "0.383574", "PCC": "0.078990", "Score": "24.7", "Std": "2.142882", "Ave": "13.382241"}, "J125_class_01_axis_flipped_final_volume_FMN": {"R": "{270.0,235.0,115.0}", "MTX": "{0.242403955,-0.346187208,-0.906308303,-0.519837525,0.742403992,-0.422617155,0.819151555,0.573577135,0.000000562}", "T": "{86.868,10.204,-126.775}", "sco": "78.791", "zsco": "3.937225", "Overlap": "0.4636,121/261", "CC": "0.739370", "PCC": "0.470728", "Score": "78.8", "Std": "7.791564", "Ave": "48.114308"}, "J125_class_01_axis_flipped_final_volume_SAMIV": {"R": "{180.0,335.0,65.0}", "MTX": "{0.383022198,0.906307571,0.178607344,0.821393249,-0.422618726,0.383022902,0.422619364,0.000000592,-0.906307273}", "T": "{-133.243,-67.235,34.597}", "sco": "29.010", "zsco": "4.148084", "Overlap": "0.1967,47/239", "CC": "0.397445", "PCC": "0.102939", "Score": "29.0", "Std": "2.653469", "Ave": "18.003255"}, "J125_class_02_axis_flipped_final_volume_FMN": {"R": "{175.0,65.0,355.0}", "MTX": "{0.421010237,-0.008135461,-0.907019401,-0.036834170,-0.999288286,-0.008134215,-0.906307687,0.036833895,-0.421010261}", "T": "{49.496,96.806,117.982}", "sco": "57.604", "zsco": "5.929601", "Overlap": "0.3770,95/252", "CC": "0.600186", "PCC": "0.363466", "Score": "57.6", "Std": "4.744592", "Ave": "29.470530"}, "J125_class_02_axis_flipped_final_volume_SAMIV": {"R": "{175.0,0.0,0.0}", "MTX": "{1.000000000,0.000000000,0.000000000,0.000000000,-0.996194643,-0.087156376,-0.000000000,0.087156376,-0.996194643}", "T": "{-86.000,100.168,78.177}", "sco": "54.078", "zsco": "14.142960", "Overlap": "0.3723,70/188", "CC": "0.652424", "PCC": "0.356000", "Score": "54.1", "Std": "2.814452", "Ave": "14.273721"}, "J125_class_03_axis_flipped_final_volume_FMN": {"R": "{60.0,85.0,60.0}", "MTX": "{0.043578042,-0.001647756,0.999048667,0.075479344,0.997146004,-0.001647756,-0.996194671,0.075479344,0.043578042}", "T": "{-89.524,-99.104,75.434}", "sco": "76.244", "zsco": "3.585712", "Overlap": "0.5021,121/241", "CC": "0.781602", "PCC": "0.513159", "Score": "76.2", "Std": "7.434574", "Ave": "49.585557"}, "J125_class_03_axis_flipped_final_volume_SAMIV": {"R": "{180.0,155.0,25.0}", "MTX": "{-0.821393624,0.422618430,-0.383022424,-0.383022046,-0.906307709,-0.178606968,-0.422618772,-0.000000592,0.906307549}", "T": "{67.235,133.243,-48.597}", "sco": "29.709", "zsco": "4.813148", "Overlap": "0.2108,47/223", "CC": "0.411685", "PCC": "0.144863", "Score": "29.7", "Std": "2.318032", "Ave": "18.552373"}, "J125_class_04_axis_flipped_final_volume_FMN": {"R": "{180.0,85.0,125.0}", "MTX": "{-0.049990624,0.819151931,0.571393954,0.071394079,0.573576598,-0.816034786,-0.996194671,0.000000057,-0.087156050}", "T": "{-122.288,14.712,100.168}", "sco": "61.470", "zsco": "4.064394", "Overlap": "0.4416,102/231", "CC": "0.717770", "PCC": "0.406503", "Score": "61.5", "Std": "6.184555", "Ave": "36.333340"}, "J125_class_04_axis_flipped_final_volume_SAMIV": {"R": "{30.0,155.0,65.0}", "MTX": "{-0.383022315,-0.695582296,0.607831535,-0.821393499,0.557509644,0.120398161,-0.422618772,-0.453153689,-0.784885411}", "T": "{40.486,12.340,156.817}", "sco": "26.736", "zsco": "4.790787", "Overlap": "0.2289,46/201", "CC": "0.440620", "PCC": "0.087871", "Score": "26.7", "Std": "2.378663", "Ave": "15.340419"}, "J126_class_00_final_volume_FMN": {"R": "{55.0,175.0,30.0}", "MTX": "{-0.862729922,-0.224958953,0.452869243,-0.498097227,0.532429088,-0.684411001,-0.087156376,-0.816034764,-0.571393936}", "T": "{61.594,62.907,133.814}", "sco": "53.170", "zsco": "5.668609", "Overlap": "0.3621,88/243", "CC": "0.592562", "PCC": "0.243383", "Score": "53.2", "Std": "4.528695", "Ave": "27.498731"}, "J126_class_00_final_volume_SAMIV": {"R": "{0.0,0.0,0.0}", "MTX": "{1.000000000,0.000000000,0.000000000,0.000000000,1.000000000,0.000000000,-0.000000000,0.000000000,1.000000000}", "T": "{-86.000,-86.000,-86.000}", "sco": "58.005", "zsco": "15.332630", "Overlap": "0.3898,69/177", "CC": "0.660206", "PCC": "0.461699", "Score": "58.0", "Std": "2.881582", "Ave": "13.822479"}, "J126_class_01_final_volume_FMN": {"R": "{25.0,55.0,155.0}", "MTX": "{-0.519836803,-0.696775949,-0.494239796,0.242404238,-0.675087867,0.696775830,-0.819151930,0.242403898,0.519836961}", "T": "{154.133,-22.712,11.894}", "sco": "71.538", "zsco": "3.764561", "Overlap": "0.3839,119/310", "CC": "0.707729", "PCC": "0.364297", "Score": "71.5", "Std": "6.520972", "Ave": "46.989021"}, "J126_class_01_final_volume_SAMIV": {"R": "{5.0,185.0,35.0}", "MTX": "{-0.816035044,-0.577616034,-0.021131129,-0.571393735,0.811678075,-0.121193657,0.087155074,-0.086824076,-0.992403936}", "T": "{128.671,-10.242,92.318}", "sco": "43.772", "zsco": "7.163175", "Overlap": "0.2572,71/276", "CC": "0.555178", "PCC": "0.208317", "Score": "43.8", "Std": "3.348267", "Ave": "19.788184"}, "J126_class_02_final_volume_FMN": {"R": "{65.0,155.0,25.0}", "MTX": "{-0.821393624,0.168530167,0.544894574,-0.383022046,0.544894763,-0.745911395,-0.422618772,-0.821393499,-0.383022315}", "T": "{9.285,57.227,146.925}", "sco": "58.788", "zsco": "4.613863", "Overlap": "0.4264,110/258", "CC": "0.659056", "PCC": "0.231803", "Score": "58.8", "Std": "5.392554", "Ave": "33.907842"}, "J126_class_02_final_volume_SAMIV": {"R": "{0.0,0.0,25.0}", "MTX": "{0.906307825,-0.422618179,0.000000000,0.422618179,0.906307825,0.000000000,-0.000000000,0.000000000,1.000000000}", "T": "{-41.597,-114.288,-86.000}", "sco": "35.635", "zsco": "6.732892", "Overlap": "0.2445,56/229", "CC": "0.489737", "PCC": "0.237839", "Score": "35.6", "Std": "2.834169", "Ave": "16.553017"}, "J126_class_00_axis_flipped_final_volume_FMN": {"R": "{210.0,85.0,0.0}", "MTX": "{0.087156050,-0.498096678,-0.862730272,0.000000000,-0.866025785,0.499999340,-0.996194671,-0.043577968,-0.075479387}", "T": "{116.536,38.478,102.912}", "sco": "52.189", "zsco": "5.189102", "Overlap": "0.3425,87/254", "CC": "0.548008", "PCC": "0.312645", "Score": "52.2", "Std": "4.725745", "Ave": "27.666853"}, "J126_class_00_axis_flipped_final_volume_SAMIV": {"R": "{5.0,185.0,5.0}", "MTX": "{-0.992403936,-0.094391229,-0.078896913,-0.086824076,0.991741839,-0.094391229,0.087155074,-0.086824076,-0.992403936}", "T": "{107.250,-69.705,85.318}", "sco": "28.370", "zsco": "6.005278", "Overlap": "0.2895,55/190", "CC": "0.484555", "PCC": "0.175891", "