{"J129_class_00_final_volume_FMN": {"R": "{85.0,180.0,5.0}", "MTX": "{-0.996194700,-0.007595500,0.086824125,-0.087155725,0.086824452,-0.992403846,-0.000000654,-0.996194671,-0.087156050}", "T": "{78.859,85.375,100.168}", "sco": "53.844", "zsco": "5.650025", "Overlap": "0.3600,90/250", "CC": "0.622088", "PCC": "0.284423", "Score": "53.8", "Std": "4.673585", "Ave": "27.438260"}, "J129_class_00_final_volume_SAMIV": {"R": "{175.0,180.0,5.0}", "MTX": "{-0.996194700,0.086824123,0.007595528,-0.087155725,-0.992403818,-0.086824776,-0.000000654,-0.087156376,0.996194643}", "T": "{77.553,107.309,-78.177}", "sco": "40.550", "zsco": "10.662873", "Overlap": "0.2415,50/207", "CC": "0.526005", "PCC": "0.243137", "Score": "40.6", "Std": "2.503876", "Ave": "13.851648"}, "J129_class_01_final_volume_FMN": {"R": "{355.0,240.0,90.0}", "MTX": "{-0.000000163,-0.996194561,-0.087157309,-0.500000755,0.075480487,-0.862729356,0.866024968,0.043578579,-0.498098045}", "T": "{93.168,110.703,-35.389}", "sco": "69.094", "zsco": "2.712408", "Overlap": "0.4339,105/242", "CC": "0.694127", "PCC": "0.414264", "Score": "69.1", "Std": "7.996888", "Ave": "47.402965"}, "J129_class_01_final_volume_SAMIV": {"R": "{175.0,175.0,145.0}", "MTX": "{0.816034577,0.565171735,0.121113497,-0.571394203,0.820391601,0.021593649,-0.087156376,-0.086824715,0.992403766}", "T": "{-136.200,-23.271,-70.384}", "sco": "31.286", "zsco": "4.683396", "Overlap": "0.2718,56/206", "CC": "0.456407", "PCC": "0.169144", "Score": "31.3", "Std": "2.695239", "Ave": "18.663153"}, "J129_class_02_final_volume_FMN": {"R": "{65.0,90.0,85.0}", "MTX": "{0.000000028,-0.342020075,0.939692646,0.000000326,0.939692646,0.342020075,-1.000000000,0.000000296,0.000000138}", "T": "{-51.400,-124.227,86.000}", "sco": "69.029", "zsco": "2.889765", "Overlap": "0.4385,107/244", "CC": "0.717679", "PCC": "0.409551", "Score": "69.0", "Std": "7.496271", "Ave": "47.366205"}, "J129_class_02_final_volume_SAMIV": {"R": "{5.0,175.0,145.0}", "MTX": "{0.816034577,-0.577616657,-0.021132113,-0.571394203,-0.811677632,0.121194414,-0.087156376,-0.086824066,-0.992403823}", "T": "{-18.687,115.521,107.309}", "sco": "29.356", "zsco": "4.675921", "Overlap": "0.2879,57/198", "CC": "0.449357", "PCC": "0.149040", "Score": "29.4", "Std": "2.348875", "Ave": "18.372485"}, "J129_class_00_axis_flipped_final_volume_FMN": {"R": "{295.0,355.0,0.0}", "MTX": "{0.996194586,0.078991132,-0.036834067,0.000000000,0.422617291,0.906308240,0.087157027,-0.902859361,0.421009057}", "T": "{-96.298,-121.288,40.944}", "sco": "53.874", "zsco": "5.622997", "Overlap": "0.4033,98/243", "CC": "0.646211", "PCC": "0.289672", "Score": "53.9", "Std": "4.598350", "Ave": "28.017012"}, "J129_class_00_axis_flipped_final_volume_SAMIV": {"R": "{175.0,0.0,30.0}", "MTX": "{0.866025458,0.498097227,0.043578180,0.499999906,-0.862729922,-0.075479640,-0.000000000,0.087156376,-0.996194643}", "T": "{-121.062,37.686,78.177}", "sco": "27.183", "zsco": "5.502242", "Overlap": "0.2390,49/205", "CC": "0.503595", "PCC": "0.199054", "Score": "27.2", "Std": "2.360865", "Ave": "14.192920"}, "J129_class_01_axis_flipped_final_volume_FMN": {"R": "{300.0,185.0,145.0}", "MTX": "{0.816034671,-0.348616283,-0.461035903,-0.571394268,-0.366282345,-0.734401684,0.087155074,0.862730509,-0.498096439}", "T": "{-7.549,143.799,-38.854}", "sco": "67.882", "zsco": "2.591193", "Overlap": "0.3960,99/250", "CC": "0.689195", "PCC": "0.400430", "Score": "67.9", "Std": "7.915329", "Ave": "47.372156"}, "J129_class_01_axis_flipped_final_volume_SAMIV": {"R": "{0.0,0.0,355.0}", "MTX": "{0.996194586,0.087157027,0.000000000,-0.087157027,0.996194586,-0.000000000,-0.000000000,0.000000000,1.000000000}", "T": "{-100.168,-78.177,-79.000}", "sco": "30.874", "zsco": "4.468937", "Overlap": "0.2654,56/211", "CC": "0.516149", "PCC": "0.152287", "Score": "30.9", "Std": "2.755887", "Ave": "18.558121"}, "J129_class_02_axis_flipped_final_volume_FMN": {"R": "{60.0,55.0,90.0}", "MTX": "{0.000000187,-0.499999957,0.866025429,0.573576600,0.709406455,0.409575836,-0.819151930,0.496731844,0.286788408}", "T": "{-31.478,-159.560,3.064}", "sco": "69.170", "zsco": "2.858164", "Overlap": "0.4173,106/254", "CC": "0.715519", "PCC": "0.411737", "Score": "69.2", "Std": "7.494161", "Ave": "47.750497"}, "J129_class_02_axis_flipped_final_volume_SAMIV": {"R": "{150.0,175.0,5.0}", "MTX": "{-0.992403823,0.118891449,-0.031614486,-0.086824066,-0.858931554,-0.504676300,-0.087156376,-0.498097791,0.862729596}", "T": "{77.841,131.737,-23.863}", "sco": "29.050", "zsco": "4.540271", "Overlap": "0.2621,54/206", "CC": "0.433183", "PCC": "0.180043", "Score": "29.1", "Std": "2.335852", "Ave": "18.444783"}, "J130_class_00_final_volume_FMN": {"R": "{295.0,215.0,120.0}", "MTX": "{0.409575937,-0.625915441,-0.663684723,-0.709407046,0.238883217,-0.663081029,0.573575797,0.742404653,-0.346188007}", "T": "{75.682,90.490,-90.402}", "sco": "72.135", "zsco": "2.870462", "Overlap": "0.4221,122/289", "CC": "0.669993", "PCC": "0.348134", "Score": "72.1", "Std": "7.603103", "Ave": "50.310865"}, "J130_class_00_final_volume_SAMIV": {"R": "{0.0,355.0,175.0}", "MTX": "{-0.992403709,-0.087156376,0.086825363,0.086824710,-0.996194643,-0.007596291,0.087157027,0.000000000,0.996194586}", "T": "{85.375,85.859,-93.168}", "sco": "34.740", "zsco": "4.708225", "Overlap": "0.2579,65/252", "CC": "0.487523", "PCC": "0.158297", "Score": "34.7", "Std": "3.190496", "Ave": "19.718351"}, "J130_class_01_final_volume_FMN": {"R": "{355.0,235.0,90.0}", "MTX": "{-0.000000187,-0.996194562,-0.087157294,-0.573577135,0.071395140,-0.816034315,0.819151555,0.049991278,-0.571394437}", "T": "{93.168,113.367,-25.606}", "sco": "71.665", "zsco": "2.746113", "Overlap": "0.3852,104/270", "CC": "0.704565", "PCC": "0.416609", "Score": "71.7", "Std": "8.193929", "Ave": "49.163839"}, "J130_class_01_final_volume_SAMIV": {"R": "{30.0,0.0,30.0}", "MTX": "{0.866025458,-0.433012647,0.249999906,0.499999906,0.750000094,-0.433012647,-0.000000000,0.499999906,0.866025458}", "T": "{-65.739,-70.261,-124.478}", "sco": "32.219", "zsco": "4.577056", "Overlap": "0.2723,58/213", "CC": "0.446256", "PCC": "0.150426", "Score": "32.2", "Std": "2.920235", "Ave": "18.853210"}, "J130_class_02_final_volume_FMN": {"R": "{120.0,205.0,145.0}", "MTX": "{0.742403861,0.586595837,0.323638428,-0.519837362,0.199647771,0.830608141,0.422617587,-0.784886037,0.453153709}", "T": "{-156.127,-50.896,-7.816}", "sco": "68.606", "zsco": "2.648140", "Overlap": "0.3796,104/274", "CC": "0.705824", "PCC": "0.398717", "Score": "68.6", "Std": "7.567372", "Ave": "48.566183"}, "J130_class_02_final_volume_SAMIV": {"R": "{5.0,355.0,125.0}", "MTX": "{-0.571393370,-0.811678166,0.121194766,0.816035091,-0.577615908,-0.021132763,0.087157027,0.086824061,0.992403766}", "T": "{108.521,-18.687,-100.309}", "sco": "34.773", "zsco": "4.889972", "Overlap": "0.2670,59/221", "CC": "0.506403", "PCC": "0.202496", "Score": "34.8", "Std": "3.190221", "Ave": "19.172892"}, "J130_class_03_final_volume_FMN": {"R": "{355.0,115.0,175.0}", "MTX": "{0.421009671,-0.008134192,-0.907019675,-0.036833843,-0.999288288,-0.008135437,-0.906307964,0.036834118,-0.421009647}", "T": "{49.496,96.806,117.982}", "sco": "51.277", "zsco": "5.771720", "Overlap": "0.3482,86/247", "CC": "0.569863", "PCC": "0.346281", "Score": "51.3", "Std": "4.220564", "Ave": "26.916904"}, "J130_class_03_final_volume_SAMIV": {"R": "{175.0,0.0,0.0}", "MTX": "{1.000000000,0.000000000,0.000000000,0.000000000,-0.996194643,-0.087156376,-0.000000000,0.087156376,-0.996194643}", "T": "{-86.000,100.168,78.177}", "sco": "48.316", "zsco": "13.630602", "Overlap": "0.3443,63/183", "CC": "0.608957", "PCC": "0.332127", "Score": "48.3", "Std": "2.559492", "Ave": "13.428610"}, "J130_class_00_axis_flipped_final_volume_FMN": {"R": "{305.0,55.0,0.0}", "MTX": "{0.573576600,-0.671010498,0.469845502,0.000000000,0.573575529,0.819152680,-0.819151930,-0.469846809,0.328989502}", "T": "{-39.027,-133.775,82.561}", "sco": "71.152", "zsco": "2.696697", "Overlap": "0.4054,120/296", "CC": "0.647873", "PCC": "0.351653", "Score": "71.2", "Std": "7.732953", "Ave": "50.299067"}, "J130_class_00_axis_flipped_final_volume_SAMIV": {"R": "{355.0,175.0,145.0}", "MTX": "{0.816034577,-0.565171655,-0.121113867,-0.571394203,-0.820391587,-0.021594185,-0.087156376,0.086825363,-0.992403709}", "T": "{-11.158,128.551,92.375}", "sco": "32.440", "zsco": "4.196719", "Overlap": "0.2360,59/250", "CC": "0.503622", "PCC": "0.170264", "Score": "32.4", "Std": "3.051604", "Ave": "19.633074"}, "J130_class_01_axis_flipped_final_volume_FMN": {"R": "{355.0,240.0,90.0}", "MTX": "{-0.000000163,-0.996194561,-0.087157309,-0.500000755,0.075480487,-0.862729356,0.866024968,0.043578579,-0.498098045}", "T": "{93.168,110.703,-35.389}", "sco": "71.175", "zsco": "2.757850", "Overlap": "0.3692,103/279", "CC": "0.680441", "PCC": "0.415352", "Score": "71.2", "Std": "8.024222", "Ave": "49.045368"}, "J130_class_01_axis_flipped_final_volume_SAMIV": {"R": "{0.0,325.0,65.0}", "MTX": "{0.346188502,-0.906307687,-0.242404408,0.742403181,0.422618476,-0.519837610,0.573577403,0.000000000,0.819151367}", "T": "{69.017,-55.486,-126.775}", "sco": "33.361", "zsco": "5.134714", "Overlap": "0.2523,56/222", "CC": "0.460986", "PCC": "0.112152", "Score": "33.4", "Std": "2.833545", "Ave": "18.811932"}, "J130_class_02_axis_flipped_final_volume_FMN": {"R": "{55.0,235.0,355.0}", "MTX": "{-0.571394437,-0.618464876,-0.539453051,0.049991278,0.629877103,-0.775084323,0.819151555,-0.469846817,-0.328990423}", "T": "{148.721,1.189,-1.747}", "sco": "72.428", "zsco": "3.177019", "Overlap": "0.4007,107/267", "CC": "0.729238", "PCC": "0.415711", "Score": "72.4", "Std": "7.642246", "Ave": "48.148287"}, "J130_class_02_axis_flipped_final_volume_SAMIV": {"R": "{205.0,5.0,35.0}", "MTX": "{0.816034997,0.489664603,-0.307108222,0.571393702,-0.763531048,0.300881332,-0.087155725,-0.421009400,-0.902859327}", "T": "{-92.879,-9.352,128.348}", "sco": "36.208", "zsco": "5.230701", "Overlap": "0.2785,61/219", "CC": "0.490971", "PCC": "0.120786", "Score": "36.2", "Std": "3.272900", "Ave": "19.088235"}, "J130_class_03_axis_flipped_final_volume_FMN": {"R": "{65.0,175.0,355.0}", "MTX": "{-0.992403709,0.115524072,-0.042297357,0.086825363,0.414125661,-0.906069144,-0.087156376,-0.902858863,-0.421010261}", "T": "{79.049,34.840,128.348}", "sco": "56.992", "zsco": "6.609861", "Overlap": "0.3896,90/231", "CC": "0.594777", "PCC": "0.298420", "Score": "57.0", "Std": "4.580615", "Ave": "26.714533"}, "J130_class_03_axis_flipped_final_volume_SAMIV": {"R": "{265.0,5.0,355.0}", "MTX": "{0.992403766,-0.094089981,0.079258062,-0.086825368,-0.079257707,0.993065744,-0.087155725,-0.992403795,-0.086825044}", "T": "{-84.071,-64.121,100.309}", "sco": "28.212", "zsco": "6.039143", "Overlap": "0.2552,49/192", "CC": "0.475443", "PCC": "0.127821", "Score": "28.2", "Std": "2.405404", "Ave": "13.685119"}, "J131_class_00_final_volume_FMN": {"R": "{85.0,60.0,85.0}", "MTX": "{0.043578042,-0.011632272,0.998982304,0.498097524,0.867042990,-0.011632272,-0.866025295,0.498097524,0.043578042}", "T": "{-88.660,-123.402,27.894}", "sco": "71.402", "zsco": "3.185714", "Overlap": "0.4549,111/244", "CC": "0.749213", "PCC": "0.442296", "Score": "71.4", "Std": "7.437370", "Ave": "47.708740"}, "J131_class_00_final_volume_SAMIV": {"R": "{205.0,355.0,5.0}", "MTX": "{0.992403766,0.115683867,0.041856993,0.086824061,-0.899649025,0.427893929,0.087157027,-0.421009352,-0.902859224}", "T": "{-105.895,33.104,113.357}", "sco": "30.180", "zsco": "4.704168", "Overlap": "0.2780,57/205", "CC": "0.467525", "PCC": "0.190539", "Score": "30.2", "Std": "2.437610", "Ave": "18.712828"}, "J131_class_01_final_volume_FMN": {"R": "{240.0,30.0,125.0}", "MTX": "{-0.496731474,0.657942320,-0.566012143,0.709406750,-0.067914642,-0.701519540,-0.499999906,-0.749999670,-0.433013383}", "T": "{34.813,-1.838,151.739}", "sco": "74.673", "zsco": "3.347801", "Overlap": "0.3940,119/302", "CC": "0.733998", "PCC": "0.448375", "Score": "74.7", "Std": "7.646392", "Ave": "49.074541"}, "J131_class_01_final_volume_SAMIV": {"R": "{175.0,185.0,35.0}", "MTX": "{-0.816035044,0.565171291,0.121112420,-0.571393735,-0.820391906,-0.021594472,0.087155074,-0.086824725,0.992403880}", "T": "{11.159,128.551,-85.375}", "sco": "38.998", "zsco": "5.809043", "Overlap": "0.2379,64/269", "CC": "0.528124", "PCC": "0.213824", "Score": "39.0", "Std": "3.309315", "Ave": "19.774334"}, "J131_class_02_final_volume_FMN": {"R": "{55.0,65.0,90.0}", "MTX": "{0.000000138,-0.573576357,0.819152100,0.422618476,0.742403878,0.519836614,-0.906307687,0.346188740,0.242404068}", "T": "{-21.120,-158.898,27.323}", "sco": "72.111", "zsco": "3.214053", "Overlap": "0.4336,111/256", "CC": "0.752389", "PCC": "0.431081", "Score": "72.1", "Std": "7.532273", "Ave": "47.901805"}, "J131_class_02_final_volume_SAMIV": {"R": "{5.0,5.0,120.0}", "MTX": "{-0.498096974,-0.866528191,0.032067088,0.862730134,-0.491518539,0.118769699,-0.087155725,0.086824071,0.992403880}", "T": "{121.600,-42.138,-85.318}", "sco": "35.957", "zsco": "5.528561", "Overlap": "0.2770,59/213", "CC": "0.513490", "PCC": "0.247707", "Score": "36.0", "Std": "3.092810", "Ave": "18.858306"}, "J131_class_03_final_volume_FMN": {"R": "{120.0,0.0,0.0}", "MTX": "{1.000000000,0.000000000,0.000000000,0.000000000,-0.499999623,-0.866025622,-0.000000000,0.866025622,-0.499999623}", "T": "{-86.000,117.478,-31.478}", "sco": "47.402", "zsco": "4.885032", "Overlap": "0.3566,87/244", "CC": "0.628353", "PCC": "0.294791", "Score": "47.4", "Std": "4.296104", "Ave": "26.415034"}, "J131_class_03_final_volume_SAMIV": {"R": "{0.0,335.0,25.0}", "MTX": "{0.821393374,-0.422618179,-0.383023237,0.383021930,0.906307825,-0.178606626,0.422619364,0.000000000,0.906307273}", "T": "{-1.355,-95.522,-114.288}", "sco": "26.503", "zsco": "5.732174", "Overlap": "0.2189,44/201", "CC": "0.455681", "PCC": "0.207848", "Score": "26.5", "Std": "2.282230", "Ave": "13.420539"}, "J131_class_04_final_volume_FMN": {"R": "{245.0,35.0,155.0}", "MTX": "{-0.742403748,0.649738478,-0.163329682,0.346189062,0.163330197,-0.923837854,-0.573576332,-0.742403635,-0.346189304}", "T": "{15.016,28.631,149.947}", "sco": "67.079", "zsco": "2.646871", "Overlap": "0.3906,100/256", "CC": "0.696343", "PCC": "0.408093", "Score": "67.1", "Std": "7.361448", "Ave": "47.593921"}, "J131_class_04_final_volume_SAMIV": {"R": "{180.0,155.0,55.0}", "MTX": "{-0.519836803,0.819152088,-0.242403703,-0.742403578,-0.573576374,-0.346189357,-0.422618772,-0.000000592,0.906307549}", "T": "{-4.894,149.947,-41.597}", "sco": "30.960", "zsco": "4.612664", "Overlap": "0.2857,58/203", "CC": "0.488707", "PCC": "0.178184", "Score": "31.0", "Std": "2.663639", "Ave": "18.673947"}, "J131_class_00_axis_flipped_final_volume_FMN": {"R": "{65.0,90.0,85.0}", "MTX": "{0.000000028,-0.342020075,0.939692646,0.000000326,0.939692646,0.342020075,-1.000000000,0.000000296,0.000000138}", "T": "{-51.400,-124.227,86.000}", "sco": "67.568", "zsco": "2.864237", "Overlap": "0.4143,104/251", "CC": "0.713441", "PCC": "0.386922", "Score": "67.6", "Std": "6.915752", "Ave": "47.759709"}, "J131_class_00_axis_flipped_final_volume_SAMIV": {"R": "{335.0,175.0,120.0}", "MTX": "{0.498096945,-0.766468347,-0.405494396,-0.862730085,-0.485052458,-0.142901763,-0.087156376,0.421011146,-0.902858450}", "T": "{57.952,135.199,55.934}", "sco": "32.749", "zsco": "5.679361", "Overlap": "0.2689,57/212", "CC": "0.476196", "PCC": "0.150610", "Score": "32.7", "Std": "2.431685", "Ave": "18.938266"}, "J131_class_01_axis_flipped_final_volume_FMN": {"R": "{215.0,240.0,5.0}", "MTX": "{-0.498098102,0.566234580,0.656716592,-0.043577928,-0.772742424,0.633222007,0.866024968,0.286788331,0.409576864}", "T": "{-69.337,8.746,-141.366}", "sco": "74.093", "zsco": "3.380425", "Overlap": "0.4175,124/297", "CC": "0.689576", "PCC": "0.359041", "Score": "74.1", "Std": "7.482134", "Ave": "48.800415"}, "J131_class_01_axis_flipped_final_volume_SAMIV": {"R": "{355.0,175.0,120.0}", "MTX": "{0.498096945,-0.858931893,-0.118892540,-0.862730085,-0.504675499,0.031613943,-0.087156376,0.086825363,-0.992403709}", "T": "{41.257,121.878,92.375}", "sco": "38.089", "zsco": "5.512096", "Overlap": "0.2481,65/262", "CC": "0.492227", "PCC": "0.182386", "Score": "38.1", "Std": "3.324964", "Ave": "19.761637"}, "J131_class_02_axis_flipped_final_volume_FMN": {"R": "{305.0,240.0,95.0}", "MTX": "{0.043577765,-0.633221540,-0.772742816,-0.498098116,0.656716984,-0.566234113,0.866024968,0.409576958,-0.286788197}", "T": "{117.165,28.055,-92.038}", "sco": "71.526", "zsco": "3.126668", "Overlap": "0.4320,108/250", "CC": "0.740264", "PCC": "0.421873", "Score": "71.5", "Std": "7.643901", "Ave": "47.625622"}, "J131_class_02_axis_flipped_final_volume_SAMIV": {"R": "{355.0,180.0,175.0}", "MTX": "{0.996194643,-0.086824653,-0.007596939,-0.087156376,-0.992403714,-0.086825306,-0.000000654,0.087157027,-0.996194586}", "T": "{-84.552,107.309,85.177}", "sco": "32.506", "zsco": "4.346122", "Overlap": "0.2455,55/224", "CC": "0.481344", "PCC": "0.097617", "Score": "32.5", "Std": "3.138000", "Ave": "18.867490"}, "J131_class_03_axis_flipped_final_volume_FMN": {"R": "{215.0,95.0,125.0}", "MTX": "{0.049990251,0.998748106,-0.001787566,-0.071393546,0.001788218,-0.997446622,-0.996194728,0.049990227,0.071393562}", "T": "{-90.038,105.766,75.234}", "sco": "46.526", "zsco": "4.391117", "Overlap": "0.3682,88/239", "CC": "0.599062", "PCC": "0.185717", "Score": "46.5", "Std": "4.458495", "Ave": "26.948194"}, "J131_class_03_axis_flipped_final_volume_SAMIV": {"R": "{5.0,185.0,5.0}", "MTX": "{-0.992403936,-0.094391229,-0.078896913,-0.086824076,0.991741839,-0.094391229,0.087155074,-0.086824076,-0.992403936}", "T": "{107.250,-69.705,85.318}", "sco": "39.217", "zsco": "10.530721", "Overlap": "0.3065,57/186", "CC": "0.541617", "PCC": "0.264428", "Score": "39.2", "Std": "2.455612", "Ave": "13.357665"}, "J131_class_04_axis_flipped_final_volume_FMN": {"R": "{305.0,270.0,85.0}", "MTX": "{-0.000000085,-0.499998774,-0.866026112,-0.000000977,0.866026112,-0.499998774,1.000000000,0.000000803,-0.000000562}", "T": "{124.478,-38.478,-93.000}", "sco": "71.764", "zsco": "3.106493", "Overlap": "0.4370,111/254", "CC": "0.743339", "PCC": "0.451939", "Score": "71.8", "Std": "7.692407", "Ave": "47.868003"}, "J131_class_04_axis_flipped_final_volume_SAMIV": {"R": "{175.0,205.0,5.0}", "MTX": "{-0.902859327,0.050130412,0.427003486,-0.078989939,-0.995614101,-0.050131342,0.422617587,-0.078990529,0.902859275}", "T": "{36.612,103.727,-107.198}", "sco": "33.433", "zsco": "5.408797", "Overlap": "0.2886,58/201", "CC": "0.485875", "PCC": "0.159531", "Score": "33.4", "Std": "2.725737", "Ave": "18.689775"}, "J132_class_00_final_volume_FMN": {"R": "{355.0,115.0,175.0}", "MTX": "{0.421009671,-0.008134192,-0.907019675,-0.036833843,-0.999288288,-0.008135437,-0.906307964,0.036834118,-0.421009647}", "T": "{49.496,96.806,117.982}", "sco": "53.950", "zsco": "6.059222", "Overlap": "0.3548,88/248", "CC": "0.578473", "PCC": "0.363089", "Score": "54.0", "Std": "4.327842", "Ave": "27.726675"}, "J132_class_00_final_volume_SAMIV": {"R": "{175.0,0.0,0.0}", "MTX": "{1.000000000,0.000000000,0.000000000,0.000000000,-0.996194643,-0.087156376,-0.000000000,0.087156376,-0.996194643}", "T": "{-86.000,100.168,78.177}", "sco": "48.467", "zsco": "13.146243", "Overlap": "0.3422,64/187", "CC": "0.606630", "PCC": "0.324398", "Score": "48.5", "Std": "2.641485", "Ave": "13.741396"}, "J132_class_01_final_volume_FMN": {"R": "{65.0,245.0,125.0}", "MTX": "{0.242404182,0.124942680,0.962096429,-0.346189384,-0.915250117,0.206082832,0.906307411,-0.383022910,-0.178606626}", "T": "{-114.332,90.761,-29.642}", "sco": "78.757", "zsco": "3.380400", "Overlap": "0.4175,124/297", "CC": "0.685507", "PCC": "0.408811", "Score": "78.8", "Std": "8.111768", "Ave": "51.335534"}, "J132_class_01_final_volume_SAMIV": {"R": "{150.0,330.0,150.0}", "MTX": "{-0.749999245,0.649519911,-0.125000071,0.433012811,0.624999033,0.649519911,0.500001038,0.433012811,-0.749999245}", "T": "{19.391,-146.848,-22.739}", "sco": "34.501", "zsco": "4.332432", "Overlap": "0.2500,65/260", "CC": "0.446244", "PCC": "0.082440", "Score": "34.5", "Std": "3.396325", "Ave": "19.787040"}, "J132_class_02_final_volume_FMN": {"R": "{90.0,65.0,90.0}", "MTX": "{0.000000138,-0.000000031,1.000000000,0.422618476,0.906307687,-0.000000031,-0.906307687,0.422618476,0.000000138}", "T": "{-86.000,-121.288,41.597}", "sco": "69.581", "zsco": "2.713890", "Overlap": "0.4372,108/247", "CC": "0.775790", "PCC": "0.421444", "Score": "69.6", "Std": "7.834419", "Ave": "48.319308"}, "J132_class_02_final_volume_SAMIV": {"R": "{185.0,330.0,60.0}", "MTX": "{0.433012566,0.884518680,0.173570802,0.749999387,-0.460358239,0.474943377,0.500001038,-0.075478456,-0.862729370}", "T": "{-135.235,-65.754,37.686}", "sco": "30.426", "zsco": "4.719054", "Overlap": "0.2536,53/209", "CC": "0.445601", "PCC": "0.152732", "Score": "30.4", "Std": "2.512328", "Ave": "18.570399"}, "J132_class_00_axis_flipped_final_volume_FMN": {"R": "{65.0,175.0,355.0}", "MTX": "{-0.992403709,0.115524072,-0.042297357,0.086825363,0.414125661,-0.906069144,-0.087156376,-0.902858863,-0.421010261}", "T": "{79.049,34.840,128.348}", "sco": "57.857", "zsco": "6.316798", "Overlap": "0.3846,90/234", "CC": "0.603220", "PCC": "0.306851", "Score": "57.9", "Std": "4.780834", "Ave": "27.657767"}, "J132_class_00_axis_flipped_final_volume_SAMIV": {"R": "{265.0,5.0,355.0}", "MTX": "{0.992403766,-0.094089981,0.079258062,-0.086825368,-0.079257707,0.993065744,-0.087155725,-0.992403795,-0.086825044}", "T": "{-84.071,-64.121,100.309}", "sco": "28.690", "zsco": "5.912511", "Overlap": "0.2551,50/196", "CC": "0.478314", "PCC": "0.130396", "Score": "28.7", "Std": "2.458384", "Ave": "14.154827"}, "J132_class_01_axis_flipped_final_volume_FMN": {"R": "{215.0,240.0,5.0}", "MTX": "{-0.498098102,0.566234580,0.656716592,-0.043577928,-0.772742424,0.633222007,0.866024968,0.286788331,0.409576864}", "T": "{-69.337,8.746,-141.366}", "sco": "74.935", "zsco": "3.043403", "Overlap": "0.4102,121/295", "CC": "0.693121", "PCC": "0.357896", "Score": "74.9", "Std": "7.878038", "Ave": "50.958483"}, "J132_class_01_axis_flipped_final_volume_SAMIV": {"R": "{25.0,0.0,355.0}", "MTX": "{0.996194586,0.078991095,-0.036834144,-0.087157027,0.902858949,-0.421009942,-0.000000000,0.422618179,0.906307825}", "T": "{-96.298,-33.944,-121.288}", "sco": "35.415", "zsco": "4.947304", "Overlap": "0.2403,62/258", "CC": "0.471459", "PCC": "0.126679", "Score": "35.4", "Std": "3.169385", "Ave": "19.734829"}, "J132_class_02_axis_flipped_final_volume_FMN": {"R": "{0.0,85.0,5.0}", "MTX": "{0.086824395,-0.087155725,0.992403851,0.007596149,0.996194700,0.086824068,-0.996194671,0.000000000,0.087156050}", "T": "{-85.318,-100.793,78.177}", "sco": "70.567", "zsco": "2.835310", "Overlap": "0.4400,110/250", "CC": "0.753511", "PCC": "0.454743", "Score": "70.6", "Std": "7.855539", "Ave": "48.294337"}, "J132_class_02_axis_flipped_final_volume_SAMIV": {"R": "{180.0,330.0,60.0}", "MTX": "{0.433012566,0.866025131,0.250001179,0.749999387,-0.500000472,0.433013219,0.500001038,0.000000566,-0.866024805}", "T": "{-140.217,-58.739,31.478}", "sco": "29.985", "zsco": "4.490890", "Overlap": "0.2429,51/210", "CC": "0.457478", "PCC": "0.197497", "Score": "30.0", "Std": "2.551903", "Ave": "18.525134"}, "J133_class_00_final_volume_FMN": {"R": "{25.0,60.0,85.0}", "MTX": "{0.043578042,-0.870960083,0.489417499,0.498097524,0.443595501,0.745065023,-0.866025295,0.211309169,0.453154084}", "T": "{29.065,-159.061,17.334}", "sco": "70.438", "zsco": "2.877280", "Overlap": "0.4711,114/242", "CC": "0.714837", "PCC": "0.379866", "Score": "70.4", "Std": "7.236875", "Ave": "49.615299"}, "J133_class_00_final_volume_SAMIV": {"R": "{175.0,180.0,90.0}", "MTX": "{-0.000000327,0.996194643,0.087156376,-1.000000000,-0.000000269,-0.000000680,-0.000000654,-0.087156376,0.996194643}", "T": "{-100.168,93.000,-78.177}", "sco": "30.037", "zsco": "5.324739", "Overlap": "0.2692,56/208", "CC": "0.449215", "PCC": "0.082654", "Score": "30.0", "Std": "2.196571", "Ave": "18.340868"}, "J133_class_01_final_volume_FMN": {"R": "{210.0,245.0,30.0}", "MTX": "{-0.365998872,0.825454938,0.429731278,-0.211309494,-0.523423867,0.825454877,0.906307411,0.211309255,0.365999010}", "T": "{-83.470,-14.802,-134.591}", "sco": "71.966", "zsco": "2.854457", "Overlap": "0.4264,113/265", "CC": "0.705730", "PCC": "0.372235", "Score": "72.0", "Std": "8.045089", "Ave": "49.001788"}, "J133_class_01_final_volume_SAMIV": {"R": "{30.0,0.0,30.0}", "MTX": "{0.866025458,-0.433012647,0.249999906,0.499999906,0.750000094,-0.433012647,-0.000000000,0.499999906,0.866025458}", "T": "{-65.739,-70.261,-124.478}", "sco": "35.280", "zsco": "5.276123", "Overlap": "0.2768,62/224", "CC": "0.441870", "PCC": "0.093769", "Score": "35.3", "Std": "3.085229", "Ave": "19.002322"}, "J133_class_02_final_volume_FMN": {"R": "{0.0,235.0,90.0}", "MTX": "{-0.000000187,-1.000000000,-0.000000268,-0.573577135,0.000000327,-0.819151555,0.819151555,-0.000000000,-0.573577135}", "T": "{86.000,119.775,-21.119}", "sco": "70.595", "zsco": "2.916073", "Overlap": "0.3804,105/276", "CC": "0.724614", "PCC": "0.451430", "Score": "70.6", "Std": "7.612327", "Ave": "48.396431"}, "J133_class_02_final_volume_SAMIV": {"R": "{175.0,175.0,145.0}", "MTX": "{0.816034577,0.565171735,0.121113497,-0.571394203,0.820391601,0.021593649,-0.087156376,-0.086824715,0.992403766}", "T": "{-136.200,-23.271,-70.384}", "sco": "33.163", "zsco": "4.821957", "Overlap": "0.2545,57/224", "CC": "0.461642", "PCC": "0.156724", "Score": "33.2", "Std": "2.997858", "Ave": "18.707929"}, "J133_class_03_final_volume_FMN": {"R": "{115.0,185.0,125.0}", "MTX": "{0.571393468,0.391494806,0.721277562,-0.816035231,0.177699205,0.550008632,0.087155074,-0.902859241,0.421009719}", "T": "{-151.838,0.596,26.944}", "sco": "55.075", "zsco": "5.779220", "Overlap": "0.3595,87/242", "CC": "0.636699", "PCC": "0.317468", "Score": "55.1", "Std": "4.702092", "Ave": "27.900524"}, "J133_class_03_final_volume_SAMIV": {"R": "{0.0,0.0,0.0}", "MTX": "{1.000000000,0.000000000,0.000000000,0.000000000,1.000000000,0.000000000,-0.000000000,0.000000000,1.000000000}", "T": "{-86.000,-86.000,-86.000}", "sco": "57.764", "zsco": "15.104259", "Overlap": "0.3876,69/178", "CC": "0.653710", "PCC": "0.463472", "Score": "57.8", "Std": "2.897456", "Ave": "13.999835"}, "J133_class_00_axis_flipped_final_volume_FMN": {"R": "{265.0,65.0,95.0}", "MTX": "{-0.036833482,0.165514069,-0.985519349,0.421010297,-0.891827037,-0.165513946,-0.906307687,-0.421010249,-0.036834032}", "T": "{80.688,54.724,124.317}", "sco": "70.477", "zsco": "2.917977", "Overlap": "0.4750,114/240", "CC": "0.714499", "PCC": "0.420490", "Score": "70.5", "Std": "7.250357", "Ave": "49.320402"}, "J133_class_00_axis_flipped_final_volume_SAMIV": {"R": "{175.0,180.0,120.0}", "MTX": "{0.499999623,0.862730056,0.075479980,-0.866025622,0.498096995,0.043577591,-0.000000654,-0.087156376,0.996194643}", "T": "{-130.686,27.894,-78.177}", "sco": "29.186", "zsco": "4.996985", "Overlap": "0.2709,55/203", "CC": "0.468317", "PCC": "0.149504", "Score": "29.2", "Std": "2.191246", "Ave": "18.236038"}, "J133_class_01_axis_flipped_final_volume_FMN": {"R": "{355.0,240.0,90.0}", "MTX": "{-0.000000163,-0.996194561,-0.087157309,-0.500000755,0.075480487,-0.862729356,0.866024968,0.043578579,-0.498098045}", "T": "{93.168,110.703,-35.389}", "sco": "72.902", "zsco": "2.973698", "Overlap": "0.3919,107/273", "CC": "0.695732", "PCC": "0.382478", "Score": "72.9", "Std": "8.042349", "Ave": "48.986380"}, "J133_class_01_axis_flipped_final_volume_SAMIV": {"R": "{185.0,330.0,90.0}", "MTX": "{0.000000283,0.996194771,-0.087154911,0.866024805,0.043577302,0.498098441,0.500001038,-0.075478456,-0.862729370}", "T": "{-85.177,-121.062,37.686}", "sco": "34.446", "zsco": "4.830685", "Overlap": "0.2679,60/224", "CC": "0.423924", "PCC": "0.092881", "Score": "34.4", "Std": "3.186569", "Ave": "19.052410"}, "J133_class_02_axis_flipped_final_volume_FMN": {"R": "{355.0,235.0,90.0}", "MTX": "{-0.000000187,-0.996194562,-0.087157294,-0.573577135,0.071395140,-0.816034315,0.819151555,0.049991278,-0.571394437}", "T": "{93.168,113.367,-25.606}", "sco": "72.026", "zsco": "3.154277", "Overlap": "0.3911,106/271", "CC": "0.699342", "PCC": "0.436462", "Score": "72.0", "Std": "7.644543", "Ave": "47.913148"}, "J133_class_02_axis_flipped_final_volume_SAMIV": {"R": "{25.0,355.0,5.0}", "MTX": "{0.992403766,-0.115683894,-0.041856917,0.086824061,0.899648745,-0.427894517,0.087157027,0.421009942,0.902858949}", "T": "{-78.798,-48.038,-128.348}", "sco": "32.899", "zsco": "4.758849", "Overlap": "0.2615,57/218", "CC": "0.446824", "PCC": "0.135578", "Score": "32.9", "Std": "2.978104", "Ave": "18.726315"}, "J133_class_03_axis_flipped_final_volume_FMN": {"R": "{0.0,95.0,150.0}", "MTX": "{0.075478766,-0.500000472,-0.862729670,-0.043577741,-0.866025131,0.498097834,-0.996194728,-0.000000000,-0.087155399}", "T": "{117.704,42.389,100.168}", "sco": "49.551", "zsco": "4.479850", "Overlap": "0.3398,87/256", "CC": "0.543890", "PCC": "0.295099", "Score": "49.6", "Std": "4.790383", "Ave": "28.091197"}, "J133_class_03_axis_flipped_final_volume_SAMIV": {"R": "{85.0,5.0,5.0}", "MTX": "{0.992403880,0.078897528,0.094391312,0.086824071,0.094391610,-0.991741803,-0.087155725,0.992403851,0.086824395}", "T": "{-107.250,76.705,-92.318}", "sco": "27.382", "zsco": "5.494376", "Overlap": "0.2388,48/201", "CC": "0.435536", "PCC": "0.192754", "Score": "27.4", "Std": "2.406087", "Ave": "14.162531"}, "J134_class_00_final_volume_FMN": {"R": "{240.0,90.0,90.0}", "MTX": "{0.000000000,0.500000472,-0.866025131,0.000000327,-0.866025131,-0.500000472,-1.000000000,-0.000000283,-0.000000163}", "T": "{31.478,117.478,93.000}", "sco": "70.397", "zsco": "2.710680", "Overlap": "0.4319,111/257", "CC": "0.720087", "PCC": "0.431800", "Score": "70.4", "Std": "7.961393", "Ave": "48.816644"}, "J134_class_00_final_volume_SAMIV": {"R": "{175.0,175.0,145.0}", "MTX": "{0.816034577,0.565171735,0.121113497,-0.571394203,0.820391601,0.021593649,-0.087156376,-0.086824715,0.992403766}", "T": "{-136.200,-23.271,-70.384}", "sco": "32.732", "zsco": "5.217869", "Overlap": "0.2701,57/211", "CC": "0.461475", "PCC": "0.180398", "Score": "32.7", "Std": "2.701808", "Ave": "18.634480"}, "J134_class_01_final_volume_FMN": {"R": "{85.0,180.0,5.0}", "MTX": "{-0.996194700,-0.007595500,0.086824125,-0.087155725,0.086824452,-0.992403846,-0.000000654,-0.996194671,-0.087156050}", "T": "{78.859,85.375,100.168}", "sco": "55.554", "zsco": "5.595572", "Overlap": "0.3765,93/247", "CC": "0.649908", "PCC": "0.335087", "Score": "55.6", "Std": "4.914788", "Ave": "28.052876"}, "J134_class_01_final_volume_SAMIV": {"R": "{185.0,180.0,355.0}", "MTX": "{-0.996194586,-0.086825430,0.007595528,0.087157027,-0.992403818,0.086823469,-0.000000654,0.087155074,0.996194757}", "T": "{99.487,70.384,-100.168}", "sco": "39.671", "zsco": "10.318848", "Overlap": "0.2812,54/192", "CC": "0.550286", "PCC": "0.317818", "Score": "39.7", "Std": "2.490985", "Ave": "13.967173"}, "J134_class_02_final_volume_FMN": {"R": "{65.0,240.0,65.0}", "MTX": "{-0.211309557,-0.714729312,0.666716043,-0.453154528,-0.532741011,-0.714729312,0.866024968,-0.453154528,-0.211309557}", "T": "{29.302,153.254,-17.334}", "sco": "69.810", "zsco": "2.542928", "Overlap": "0.4145,114/275", "CC": "0.668868", "PCC": "0.435293", "Score": "69.8", "Std": "7.833183", "Ave": "49.890790"}, "J134_class_02_final_volume_SAMIV": {"R": "{175.0,180.0,90.0}", "MTX": "{-0.000000327,0.996194643,0.087156376,-1.000000000,-0.000000269,-0.000000680,-0.000000654,-0.087156376,0.996194643}", "T": "{-100.168,93.000,-78.177}", "sco": "32.448", "zsco": "4.368002", "Overlap": "0.2533,58/229", "CC": "0.470228", "PCC": "0.126807", "Score": "32.4", "Std": "3.085446", "Ave": "18.971123"}, "J134_class_03_final_volume_FMN": {"R": "{60.0,245.0,90.0}", "MTX": "{-0.000000138,-0.500000445,0.866025147,-0.422619068,-0.784884980,-0.453154160,0.906307411,-0.365998803,-0.211309614}", "T": "{-24.478,149.817,-28.294}", "sco": "68.892", "zsco": "2.402012", "Overlap": "0.3933,105/267", "CC": "0.623843", "PCC": "0.363851", "Score": "68.9", "Std": "7.909525", "Ave": "49.893099"}, "J134_class_03_final_volume_SAMIV": {"R": "{175.0,175.0,145.0}", "MTX": "{0.816034577,0.565171735,0.121113497,-0.571394203,0.820391601,0.021593649,-0.087156376,-0.086824715,0.992403766}", "T": "{-136.200,-23.271,-70.384}", "sco": "32.767", "zsco": "5.587249", "Overlap": "0.2710,58/214", "CC": "0.456145", "PCC": "0.161011", "Score": "32.8", "Std": "2.523183", "Ave": "18.669205"}, "J134_class_04_final_volume_FMN": {"R": "{295.0,325.0,25.0}", "MTX": "{0.742403294,0.292527431,-0.602714734,0.346188260,0.602714316,0.718950028,0.573577403,-0.742403634,0.346187532}", "T": "{-37.171,-143.435,-15.253}", "sco": "46.872", "zsco": "4.416227", "Overlap": "0.3427,85/248", "CC": "0.572886", "PCC": "0.168303", "Score": "46.9", "Std": "4.530204", "Ave": "26.865513"}, "J134_class_04_final_volume_SAMIV": {"R": "{5.0,175.0,25.0}", "MTX": "{-0.902859000,-0.414125516,0.115523516,-0.421009966,0.906069334,-0.042296210,-0.087156376,-0.086824066,-0.992403823}", "T": "{110.326,-38.078,107.309}", "sco": "26.561", "zsco": "5.387053", "Overlap": "0.2604,50/192", "CC": "0.501691", "PCC": "0.214812", "Score": "26.6", "Std": "2.391490", "Ave": "13.677590"}, "J134_class_00_axis_flipped_final_volume_FMN": {"R": "{355.0,245.0,95.0}", "MTX": "{0.036833534,-0.999288292,-0.008136375,-0.421010888,-0.008133260,-0.907019119,0.906307411,0.036834221,-0.421010827}", "T": "{83.471,114.910,-44.903}", "sco": "70.522", "zsco": "2.721930", "Overlap": "0.4350,107/246", "CC": "0.716888", "PCC": "0.422698", "Score": "70.5", "Std": "7.955572", "Ave": "48.867408"}, "J134_class_00_axis_flipped_final_volume_SAMIV": {"R": "{175.0,175.0,145.0}", "MTX": "{0.816034577,0.565171735,0.121113497,-0.571394203,0.820391601,0.021593649,-0.087156376,-0.086824715,0.992403766}", "T": "{-136.200,-23.271,-70.384}", "sco": "30.822", "zsco": "4.418617", "Overlap": "0.2727,57/209", "CC": "0.443495", "PCC": "0.168221", "Score": "30.8", "Std": "2.759255", "Ave": "18.629471"}, "J134_class_01_axis_flipped_final_volume_FMN": {"R": "{295.0,355.0,0.0}", "MTX": "{0.996194586,0.078991132,-0.036834067,0.000000000,0.422617291,0.906308240,0.087157027,-0.902859361,0.421009057}", "T": "{-96.298,-121.288,40.944}", "sco": "55.669", "zsco": "5.521578", "Overlap": "0.4250,102/240", "CC": "0.674667", "PCC": "0.300720", "Score": "55.7", "Std": "4.858342", "Ave": "28.843058"}, "J134_class_01_axis_flipped_final_volume_SAMIV": {"R": "{150.0,0.0,35.0}", "MTX": "{0.819152117,0.496731519,0.286788437,0.573576332,-0.709406320,-0.409576445,-0.000000000,0.500000472,-0.866025131}", "T": "{-137.830,46.905,31.478}", "sco": "26.651", "zsco": "5.070713", "Overlap": "0.2308,48/208", "CC": "0.497612", "PCC": "0.202602", "Score": "26.7", "Std": "2.384003", "Ave": "14.562181"}, "J134_class_02_axis_flipped_final_volume_FMN": {"R": "{90.0,235.0,60.0}", "MTX": "{-0.286788676,-0.409576215,0.866025161,-0.496732308,-0.709405803,-0.500000421,0.819151555,-0.573577135,-0.000000187}", "T": "{-7.591,153.728,-21.119}", "sco": "70.022", "zsco": "2.630861", "Overlap": "0.4191,114/272", "CC": "0.662322", "PCC": "0.378502", "Score": "70.0", "Std": "7.696652", "Ave": "49.773252"}, "J134_class_02_axis_flipped_final_volume_SAMIV": {"R": "{335.0,175.0,25.0}", "MTX": "{-0.902859000,-0.416404847,-0.107016957,-0.421009966,0.805826667,0.416406040,-0.087156376,0.421011146,-0.902858450}", "T": "{122.660,-68.905,48.934}", "sco": "32.544", "zsco": "4.443816", "Overlap": "0.2566,58/226", "CC": "0.432591", "PCC": "0.064879", "Score": "32.5", "Std": "3.040547", "Ave": "19.032704"}, "J134_class_03_axis_flipped_final_volume_FMN": {"R": "{240.0,55.0,90.0}", "MTX": "{0.000000187,0.500000523,-0.866025102,0.573576600,-0.709406187,-0.409576300,-0.819151930,-0.496731657,-0.286788733}", "T": "{31.478,46.905,144.830}", "sco": "71.146", "zsco": "2.710958", "Overlap": "0.4291,115/268", "CC": "0.721566", "PCC": "0.438619", "Score": "71.1", "Std": "7.979871", "Ave": "49.512921"}, "J134_class_03_axis_flipped_final_volume_SAMIV": {"R": "{175.0,175.0,145.0}", "MTX": "{0.816034577,0.565171735,0.121113497,-0.571394203,0.820391601,0.021593649,-0.087156376,-0.086824715,0.992403766}", "T": "{-136.200,-23.271,-70.384}", "sco": "30.779", "zsco": "4.869000", "Overlap": "0.2593,56/216", "CC": "0.422651", "PCC": "0.149643", "Score": "30.8", "Std": "2.496407", "Ave": "18.623706"}, "J134_class_04_axis_flipped_final_volume_FMN": {"R": "{55.0,175.0,30.0}", "MTX": "{-0.862729922,-0.224958953,0.452869243,-0.498097227,0.532429088,-0.684411001,-0.087156376,-0.816034764,-0.571393936}", "T": "{61.594,62.907,133.814}", "sco": "51.304", "zsco": "5.375632", "Overlap": "0.3636,88/242", "CC": "0.580159", "PCC": "0.200487", "Score": "51.3", "Std": "4.449106", "Ave": "27.387416"}, "J134_class_04_axis_flipped_final_volume_SAMIV": {"R": "{0.0,0.0,0.0}", "MTX": "{1.000000000,0.000000000,0.000000000,0.000000000,1.000000000,0.000000000,-0.000000000,0.000000000,1.000000000}", "T": "{-86.000,-86.000,-86.000}", "sco": "59.651", "zsco": "16.004547", "Overlap": "0.3988,69/173", "CC": "0.657726", "PCC": "0.443693", "Score": "59.7", "Std": "2.875464", "Ave": "13.630753"}, "J135_class_00_final_volume_FMN": {"R": "{355.0,240.0,90.0}", "MTX": "{-0.000000163,-0.996194561,-0.087157309,-0.500000755,0.075480487,-0.862729356,0.866024968,0.043578579,-0.498098045}", "T": "{93.168,110.703,-35.389}", "sco": "70.685", "zsco": "3.030035", "Overlap": "0.4071,103/253", "CC": "0.698636", "PCC": "0.422188", "Score": "70.7", "Std": "7.637182", "Ave": "47.544429"}, "J135_class_00_final_volume_SAMIV": {"R": "{25.0,355.0,5.0}", "MTX": "{0.992403766,-0.115683894,-0.041856917,0.086824061,0.899648745,-0.427894517,0.087157027,0.421009942,0.902858949}", "T": "{-78.798,-48.038,-128.348}", "sco": "30.496", "zsco": "4.570791", "Overlap": "0.2683,55/205", "CC": "0.439857", "PCC": "0.070051", "Score": "30.5", "Std": "2.599609", "Ave": "18.613818"}, "J135_class_01_final_volume_FMN": {"R": "{180.0,65.0,55.0}", "MTX": "{0.242404068,0.819152270,-0.519836346,0.346188740,-0.573576115,-0.742404066,-0.906307687,0.000000276,-0.422618476}", "T": "{-53.588,83.402,121.288}", "sco": "71.250", "zsco": "2.756692", "Overlap": "0.4378,109/249", "CC": "0.703155", "PCC": "0.388660", "Score": "71.3", "Std": "8.244124", "Ave": "48.523609"}, "J135_class_01_final_volume_SAMIV": {"R": "{180.0,180.0,155.0}", "MTX": "{0.906307549,0.422618772,0.000000869,-0.422618772,0.906307549,0.000000316,-0.000000654,-0.000000654,1.000000000}", "T": "{-121.288,-41.597,-86.000}", "sco": "29.463", "zsco": "4.582357", "Overlap": "0.2850,57/200", "CC": "0.487695", "PCC": "0.175830", "Score": "29.5", "Std": "2.460276", "Ave": "18.189419"}, "J135_class_02_final_volume_FMN": {"R": "{355.0,115.0,175.0}", "MTX": "{0.421009671,-0.008134192,-0.907019675,-0.036833843,-0.999288288,-0.008135437,-0.906307964,0.036834118,-0.421009647}", "T": "{49.496,96.806,117.982}", "sco": "55.052", "zsco": "5.940485", "Overlap": "0.3600,90/250", "CC": "0.588075", "PCC": "0.344225", "Score": "55.1", "Std": "4.495338", "Ave": "28.347499"}, "J135_class_02_final_volume_SAMIV": {"R": "{175.0,0.0,0.0}", "MTX": "{1.000000000,0.000000000,0.000000000,0.000000000,-0.996194643,-0.087156376,-0.000000000,0.087156376,-0.996194643}", "T": "{-86.000,100.168,78.177}", "sco": "47.618", "zsco": "12.514680", "Overlap": "0.3281,63/192", "CC": "0.599601", "PCC": "0.325038", "Score": "47.6", "Std": "2.683379", "Ave": "14.036259"}, "J135_class_00_axis_flipped_final_volume_FMN": {"R": "{355.0,240.0,90.0}", "MTX": "{-0.000000163,-0.996194561,-0.087157309,-0.500000755,0.075480487,-0.862729356,0.866024968,0.043578579,-0.498098045}", "T": "{93.168,110.703,-35.389}", "sco": "71.939", "zsco": "3.174730", "Overlap": "0.4071,103/253", "CC": "0.699217", "PCC": "0.433187", "Score": "71.9", "Std": "7.649729", "Ave": "47.652707"}, "J135_class_00_axis_flipped_final_volume_SAMIV": {"R": "{155.0,330.0,155.0}", "MTX": "{-0.784884818,0.574534272,-0.232090913,0.365998339,0.732089875,0.574534272,0.500001038,0.365998339,-0.784884818}", "T": "{38.050,-143.846,-6.976}", "sco": "30.348", "zsco": "4.468