{"J129_class_00_final_volume_FMN": {"R": "{25.0,145.0,55.0}", "MTX": "{-0.469846271,-0.603366535,0.644354953,-0.671009730,0.718402675,0.183421750,-0.573576868,-0.346188418,-0.742403634}", "T": "{43.882,-19.850,142.947}", "sco": "54.397", "zsco": "5.125671", "Overlap": "0.2372,97/409", "CC": "0.637447", "PCC": "0.332160", "Score": "54.4", "Std": "4.120837", "Ave": "33.275035"}, "J129_class_00_final_volume_SAMIV": {"R": "{55.0,65.0,120.0}", "MTX": "{-0.211309078,-0.867933597,0.449488314,0.365998428,0.356152534,0.859767714,-0.906307687,0.346188740,0.242404068}", "T": "{61.159,-136.045,41.323}", "sco": "32.618", "zsco": "6.439142", "Overlap": "0.1642,55/335", "CC": "0.423992", "PCC": "0.070876", "Score": "32.6", "Std": "2.543158", "Ave": "16.242470"}, "J129_class_01_final_volume_FMN": {"R": "{245.0,355.0,0.0}", "MTX": "{0.996194586,0.078991059,0.036834221,0.000000000,-0.422619068,0.906307411,0.087157027,-0.902858536,-0.421010827}", "T": "{-95.634,-34.597,106.357}", "sco": "52.322", "zsco": "4.698982", "Overlap": "0.2847,84/295", "CC": "0.622427", "PCC": "0.346519", "Score": "52.3", "Std": "4.381481", "Ave": "31.733861"}, "J129_class_01_final_volume_SAMIV": {"R": "{185.0,180.0,145.0}", "MTX": "{0.819151742,0.571394315,-0.049989601,-0.573576868,0.816034638,-0.071393604,-0.000000654,0.087155074,0.996194757}", "T": "{-122.288,-14.712,-93.168}", "sco": "30.791", "zsco": "7.433599", "Overlap": "0.2061,47/228", "CC": "0.456790", "PCC": "0.232795", "Score": "30.8", "Std": "2.181710", "Ave": "14.572748"}, "J129_class_02_final_volume_FMN": {"R": "{85.0,90.0,5.0}", "MTX": "{0.000000326,0.984807703,0.173648464,0.000000028,0.173648464,-0.984807703,-1.000000000,0.000000326,0.000000028}", "T": "{-99.627,76.760,86.000}", "sco": "61.728", "zsco": "5.162872", "Overlap": "0.3239,103/318", "CC": "0.701779", "PCC": "0.324048", "Score": "61.7", "Std": "5.499452", "Ave": "33.335196"}, "J129_class_02_final_volume_SAMIV": {"R": "{185.0,205.0,125.0}", "MTX": "{0.519836634,0.794908550,-0.312874208,-0.742404370,0.601565524,0.294880776,0.422617587,0.078989349,0.902859379}", "T": "{-86.161,-13.248,-120.784}", "sco": "30.528", "zsco": "6.693120", "Overlap": "0.1784,48/269", "CC": "0.484320", "PCC": "0.248910", "Score": "30.5", "Std": "2.272859", "Ave": "15.315403"}, "J129_class_00_axis_flipped_final_volume_FMN": {"R": "{85.0,175.0,0.0}", "MTX": "{-0.996194643,0.086824717,0.007596205,-0.000000000,0.087156050,-0.996194671,-0.087156376,-0.992403795,-0.086824390}", "T": "{77.553,85.177,107.309}", "sco": "53.287", "zsco": "4.588085", "Overlap": "0.2337,97/415", "CC": "0.598170", "PCC": "0.209476", "Score": "53.3", "Std": "4.338131", "Ave": "33.382903"}, "J129_class_00_axis_flipped_final_volume_SAMIV": {"R": "{325.0,35.0,90.0}", "MTX": "{0.000000268,-0.819151475,-0.573577249,0.819152117,-0.328990155,0.469846024,-0.573576332,-0.469847144,0.671009577}", "T": "{119.775,-82.561,46.028}", "sco": "29.168", "zsco": "5.591384", "Overlap": "0.1577,53/336", "CC": "0.449577", "PCC": "0.225448", "Score": "29.2", "Std": "2.343459", "Ave": "16.064340"}, "J129_class_01_axis_flipped_final_volume_FMN": {"R": "{210.0,85.0,95.0}", "MTX": "{-0.007596120,0.906142136,-0.422905105,0.086824398,-0.420722462,-0.903024991,-0.996194671,-0.043577968,-0.075479387}", "T": "{-47.905,99.375,102.912}", "sco": "52.594", "zsco": "4.573310", "Overlap": "0.3287,94/286", "CC": "0.724268", "PCC": "0.356351", "Score": "52.6", "Std": "4.527263", "Ave": "31.889050"}, "J129_class_01_axis_flipped_final_volume_SAMIV": {"R": "{355.0,175.0,25.0}", "MTX": "{-0.902859000,-0.427894520,0.041855770,-0.421009966,0.899648618,0.115684796,-0.087156376,0.086825363,-0.992403709}", "T": "{110.845,-51.112,92.375}", "sco": "28.188", "zsco": "6.344935", "Overlap": "0.1974,45/228", "CC": "0.427491", "PCC": "0.218455", "Score": "28.2", "Std": "2.138926", "Ave": "14.617000"}, "J129_class_02_axis_flipped_final_volume_FMN": {"R": "{55.0,265.0,0.0}", "MTX": "{-0.087156701,-0.816034741,-0.571393920,-0.000000000,0.573576600,-0.819151930,0.996194614,-0.071394580,-0.049991044}", "T": "{126.814,14.119,-82.234}", "sco": "57.855", "zsco": "4.600744", "Overlap": "0.3125,100/320", "CC": "0.725950", "PCC": "0.368152", "Score": "57.9", "Std": "5.371025", "Ave": "33.144295"}, "J129_class_02_axis_flipped_final_volume_SAMIV": {"R": "{180.0,355.0,115.0}", "MTX": "{-0.421009647,0.906307988,-0.036833526,0.902859086,0.422617832,0.078991384,0.087157027,0.000000651,-0.996194586}", "T": "{-38.568,-120.784,78.177}", "sco": "31.642", "zsco": "7.230977", "Overlap": "0.2069,54/261", "CC": "0.479501", "PCC": "0.174491", "Score": "31.6", "Std": "2.250480", "Ave": "15.369268"}, "J130_class_00_final_volume_FMN": {"R": "{115.0,90.0,175.0}", "MTX": "{-0.000000326,-0.866025295,0.500000189,0.000000028,0.500000189,0.866025295,-1.000000000,0.000000296,-0.000000138}", "T": "{38.478,-124.478,86.000}", "sco": "54.017", "zsco": "4.059149", "Overlap": "0.3288,97/295", "CC": "0.629957", "PCC": "0.223387", "Score": "54.0", "Std": "5.189587", "Ave": "32.951579"}, "J130_class_00_final_volume_SAMIV": {"R": "{180.0,335.0,90.0}", "MTX": "{0.000000296,1.000000000,0.000000792,0.906307273,-0.000000603,0.422619364,0.422619364,0.000000592,-0.906307273}", "T": "{-86.000,-114.288,41.597}", "sco": "29.276", "zsco": "6.034849", "Overlap": "0.2128,50/235", "CC": "0.489685", "PCC": "0.182074", "Score": "29.3", "Std": "2.335810", "Ave": "15.179607"}, "J130_class_01_final_volume_FMN": {"R": "{60.0,235.0,115.0}", "MTX": "{0.242403955,-0.153346505,0.957979735,-0.519837525,-0.854249298,-0.005204152,0.819151555,-0.496732308,-0.286788676}", "T": "{-83.045,125.619,3.936}", "sco": "58.053", "zsco": "4.380349", "Overlap": "0.2358,91/386", "CC": "0.558835", "PCC": "0.239437", "Score": "58.1", "Std": "5.137181", "Ave": "35.549917"}, "J130_class_01_final_volume_SAMIV": {"R": "{30.0,325.0,5.0}", "MTX": "{0.816034250,-0.361176407,-0.451264562,0.071393731,0.837734699,-0.541390348,0.573577403,0.409575606,0.709405938}", "T": "{-0.309,-31.625,-152.560}", "sco": "29.145", "zsco": "5.986153", "Overlap": "0.1699,52/306", "CC": "0.423329", "PCC": "0.119707", "Score": "29.1", "Std": "2.263255", "Ave": "15.596321"}, "J130_class_02_final_volume_FMN": {"R": "{235.0,210.0,55.0}", "MTX": "{-0.496732125,0.704769589,-0.506514583,-0.709406693,0.006513922,0.704769262,0.499999340,0.709406368,0.496732589}", "T": "{25.669,6.839,-146.728}", "sco": "56.508", "zsco": "4.312628", "Overlap": "0.3050,104/341", "CC": "0.608492", "PCC": "0.283236", "Score": "56.5", "Std": "4.803943", "Ave": "35.790452"}, "J130_class_02_final_volume_SAMIV": {"R": "{175.0,185.0,90.0}", "MTX": "{-0.000000326,0.996194640,0.087156404,-0.996194757,-0.007596446,0.086823389,0.087155074,-0.086824725,0.992403880}", "T": "{-100.168,85.859,-85.375}", "sco": "31.000", "zsco": "5.780455", "Overlap": "0.1857,52/280", "CC": "0.497441", "PCC": "0.147828", "Score": "31.0", "Std": "2.485992", "Ave": "16.629537"}, "J130_class_03_final_volume_FMN": {"R": "{120.0,90.0,0.0}", "MTX": "{0.000000327,0.866025622,-0.499999623,0.000000000,-0.499999623,-0.866025622,-1.000000000,0.000000283,-0.000000163}", "T": "{-38.478,117.478,93.000}", "sco": "55.312", "zsco": "4.870377", "Overlap": "0.2256,97/430", "CC": "0.675451", "PCC": "0.348918", "Score": "55.3", "Std": "4.330206", "Ave": "34.221821"}, "J130_class_03_final_volume_SAMIV": {"R": "{0.0,175.0,55.0}", "MTX": "{-0.571393936,-0.819151930,0.049990858,-0.816034764,0.573576600,0.071394313,-0.087156376,-0.000000000,-0.996194643}", "T": "{115.288,21.711,107.168}", "sco": "30.813", "zsco": "6.569678", "Overlap": "0.1695,59/348", "CC": "0.419079", "PCC": "0.080804", "Score": "30.8", "Std": "2.257839", "Ave": "15.979467"}, "J130_class_00_axis_flipped_final_volume_FMN": {"R": "{25.0,120.0,150.0}", "MTX": "{0.433012239,-0.770117955,-0.468421537,-0.250000047,-0.601886095,0.758441234,-0.866025622,-0.211308930,-0.453153571}", "T": "{69.275,15.036,131.622}", "sco": "49.750", "zsco": "3.466288", "Overlap": "0.3034,88/290", "CC": "0.615501", "PCC": "0.296225", "Score": "49.7", "Std": "4.634004", "Ave": "33.686789"}, "J130_class_00_axis_flipped_final_volume_SAMIV": {"R": "{215.0,335.0,95.0}", "MTX": "{-0.078989572,0.794908556,-0.601565487,0.902858527,0.312875387,0.294882132,0.422619364,-0.519835916,-0.742403861}", "T": "{-9.834,-129.913,79.207}", "sco": "27.484", "zsco": "5.329019", "Overlap": "0.2078,48/231", "CC": "0.479941", "PCC": "0.183459", "Score": "27.5", "Std": "2.243905", "Ave": "15.525752"}, "J130_class_01_axis_flipped_final_volume_FMN": {"R": "{85.0,120.0,85.0}", "MTX": "{-0.043577992,-0.011632244,0.998982307,-0.498096960,0.867043315,-0.011632244,-0.866025622,-0.498096960,-0.043577992}", "T": "{-74.164,-30.729,128.062}", "sco": "55.222", "zsco": "3.791604", "Overlap": "0.2222,88/396", "CC": "0.630275", "PCC": "0.357573", "Score": "55.2", "Std": "5.081139", "Ave": "35.956576"}, "J130_class_01_axis_flipped_final_volume_SAMIV": {"R": "{210.0,175.0,25.0}", "MTX": "{-0.902859000,0.326503040,-0.279716625,-0.421009966,-0.803302856,0.421254234,-0.087156376,0.498096664,0.862730248}", "T": "{73.622,62.063,-116.536}", "sco": "26.705", "zsco": "4.617793", "Overlap": "0.1475,45/305", "CC": "0.446770", "PCC": "0.141728", "Score": "26.7", "Std": "2.383156", "Ave": "15.699655"}, "J130_class_02_axis_flipped_final_volume_FMN": {"R": "{90.0,265.0,355.0}", "MTX": "{-0.086825034,-0.992403653,-0.087157351,0.007596319,0.086825686,-0.996194557,0.996194614,-0.087156701,-0.000000028}", "T": "{107.309,77.552,-85.177}", "sco": "60.287", "zsco": "4.906339", "Overlap": "0.2925,98/335", "CC": "0.697234", "PCC": "0.392429", "Score": "60.3", "Std": "5.007883", "Ave": "35.716734"}, "J130_class_02_axis_flipped_final_volume_SAMIV": {"R": "{325.0,145.0,30.0}", "MTX": "{-0.709406263,-0.694489954,0.120110189,-0.409575794,0.544910604,0.731655727,-0.573576868,0.469846929,-0.671009270}", "T": "{110.406,-67.561,66.628}", "sco": "30.838", "zsco": "5.817323", "Overlap": "0.1933,52/269", "CC": "0.446540", "PCC": "0.058480", "Score": "30.8", "Std": "2.473286", "Ave": "16.449650"}, "J130_class_03_axis_flipped_final_volume_FMN": {"R": "{175.0,235.0,90.0}", "MTX": "{-0.000000187,0.996194619,0.087156642,-0.573577135,-0.071394606,0.816034362,0.819151555,-0.049990904,0.571394469}", "T": "{-100.168,-21.711,-122.288}", "sco": "55.102", "zsco": "4.912954", "Overlap": "0.2324,99/426", "CC": "0.674639", "PCC": "0.315395", "Score": "55.1", "Std": "4.114117", "Ave": "34.889277"}, "J130_class_03_axis_flipped_final_volume_SAMIV": {"R": "{330.0,180.0,0.0}", "MTX": "{-1.000000000,-0.000000327,0.000000566,-0.000000000,0.866024805,0.500001038,-0.000000654,0.500001038,-0.866024805}", "T": "{86.000,-110.478,31.478}", "sco": "30.568", "zsco": "6.432613", "Overlap": "0.1579,57/361", "CC": "0.439151", "PCC": "0.068669", "Score": "30.6", "Std": "2.268982", "Ave": "15.972925"}, "J131_class_00_final_volume_FMN": {"R": "{355.0,265.0,65.0}", "MTX": "{-0.036834032,-0.866164809,-0.498399214,-0.078990788,0.499700729,-0.862588915,0.996194614,0.007596319,-0.086825034}", "T": "{127.520,38.002,-85.859}", "sco": "59.262", "zsco": "4.674343", "Overlap": "0.2655,103/388", "CC": "0.718758", "PCC": "0.336994", "Score": "59.3", "Std": "5.267257", "Ave": "34.640703"}, "J131_class_00_final_volume_SAMIV": {"R": "{0.0,155.0,90.0}", "MTX": "{-0.000000296,-1.000000000,0.000000138,-0.906307549,0.000000327,0.422618772,-0.422618772,-0.000000000,-0.906307549}", "T": "{93.000,48.597,121.288}", "sco": "30.824", "zsco": "6.082634", "Overlap": "0.1515,50/330", "CC": "0.481691", "PCC": "0.168941", "Score": "30.8", "Std": "2.409164", "Ave": "16.169922"}, "J131_class_01_final_volume_FMN": {"R": "{35.0,325.0,0.0}", "MTX": "{0.819151367,-0.328990423,-0.469847144,0.000000000,0.819152117,-0.573576332,0.573577403,0.469845837,0.671009577}", "T": "{-1.747,-14.120,-161.441}", "sco": "55.900", "zsco": "4.820957", "Overlap": "0.2541,93/366", "CC": "0.587798", "PCC": "0.239894", "Score": "55.9", "Std": "4.516107", "Ave": "34.127815"}, "J131_class_01_final_volume_SAMIV": {"R": "{125.0,180.0,0.0}", "MTX": "{-1.000000000,0.000000535,-0.000000375,-0.000000000,-0.573576065,-0.819152305,-0.000000654,-0.819152305,0.573576065}", "T": "{93.000,133.775,28.120}", "sco": "32.129", "zsco": "6.352198", "Overlap": "0.1852,55/297", "CC": "0.491918", "PCC": "0.192973", "Score": "32.1", "Std": "2.451786", "Ave": "16.554749"}, "J131_class_02_final_volume_FMN": {"R": "{240.0,295.0,35.0}", "MTX": "{0.346187849,0.929729271,-0.125528708,0.242403276,0.040615106,0.969325056,0.906308240,-0.365997126,-0.211308964}", "T": "{-105.933,-100.702,-28.294}", "sco": "57.144", "zsco": "4.370999", "Overlap": "0.2643,97/367", "CC": "0.668826", "PCC": "0.313288", "Score": "57.1", "Std": "4.996480", "Ave": "35.303957"}, "J131_class_02_final_volume_SAMIV": {"R": "{205.0,180.0,155.0}", "MTX": "{0.906307549,0.383023067,-0.178605589,-0.422618772,0.821393758,-0.383021760,-0.000000654,0.422617587,0.906308102}", "T": "{-102.522,-1.355,-121.288}", "sco": "30.349", "zsco": "6.089692", "Overlap": "0.1709,54/316", "CC": "0.489617", "PCC": "0.149963", "Score": "30.3", "Std": "2.358288", "Ave": "15.987971"}, "J131_class_03_final_volume_FMN": {"R": "{185.0,210.0,55.0}", "MTX": "{-0.496732125,0.841029880,0.214303377,-0.709406693,-0.535697425,0.458007001,0.499999340,0.075478541,0.862730346}", "T": "{-48.040,74.690,-116.686}", "sco": "56.604", "zsco": "3.904064", "Overlap": "0.3019,96/318", "CC": "0.592301", "PCC": "0.309681", "Score": "56.6", "Std": "5.414863", "Ave": "35.463951"}, "J131_class_03_final_volume_SAMIV": {"R": "{155.0,330.0,90.0}", "MTX": "{0.000000283,0.906307480,0.422618920,0.866024805,-0.211310121,0.453154577,0.500001038,0.365998339,-0.784884818}", "T": "{-114.288,-102.277,-6.976}", "sco": "30.032", "zsco": "5.666327", "Overlap": "0.1929,49/254", "CC": "0.437980", "PCC": "0.180909", "Score": "30.0", "Std": "2.528213", "Ave": "15.706538"}, "J131_class_04_final_volume_FMN": {"R": "{240.0,60.0,145.0}", "MTX": "{-0.409576026,0.901152287,-0.142028289,0.286788542,-0.020605891,-0.957772274,-0.866025295,-0.433012647,-0.250000472}", "T": "{-37.061,59.477,140.217}", "sco": "62.255", "zsco": "5.376444", "Overlap": "0.1962,102/520", "CC": "0.687589", "PCC": "0.333024", "Score": "62.3", "Std": "4.855715", "Ave": "36.148768"}, "J131_class_04_final_volume_SAMIV": {"R": "{210.0,355.0,25.0}", "MTX": "{0.902858949,0.405493736,-0.142900485,0.421009942,-0.766468898,0.485052633,0.087157027,-0.498096635,-0.862730198}", "T": "{-107.229,-12.005,109.536}", "sco": "27.779", "zsco": "4.796136", "Overlap": "0.1166,50/429", "CC": "0.413901", "PCC": "0.150972", "Score": "27.8", "Std": "2.371048", "Ave": "16.406923"}, "J131_class_00_axis_flipped_final_volume_FMN": {"R": "{95.0,65.0,150.0}", "MTX": "{-0.365998221,-0.738320792,0.566504820,0.211309437,0.526908662,0.823234829,-0.906307687,0.421010297,-0.036833482}", "T": "{46.252,-148.285,51.903}", "sco": "57.469", "zsco": "4.771670", "Overlap": "0.2302,93/404", "CC": "0.660599", "PCC": "0.324262", "Score": "57.5", "Std": "4.831358", "Ave": "34.415358"}, "J131_class_00_axis_flipped_final_volume_SAMIV": {"R": "{185.0,155.0,120.0}", "MTX": "{0.453153433,0.881146855,0.135026617,-0.784885559,0.466198360,-0.408183474,-0.422618772,0.078989301,0.902858828}", "T": "{-133.362,69.511,-48.094}", "sco": "33.921", "zsco": "6.819016", "Overlap": "0.1703,55/323", "CC": "0.487162", "PCC": "0.229719", "Score": "33.9", "Std": "2.600393", "Ave": "16.188518"}, "J131_class_01_axis_flipped_final_volume_FMN": {"R": "{150.0,0.0,55.0}", "MTX": "{0.573576600,0.709406158,0.409576351,0.819151930,-0.496731750,-0.286788571,-0.000000000,0.500000472,-0.866025131}", "T": "{-152.560,-3.064,24.478}", "sco": "49.709", "zsco": "4.253538", "Overlap": "0.2699,95/352", "CC": "0.635402", "PCC": "0.315228", "Score": "49.7", "Std": "3.840635", "Ave": "33.373110"}, "J131_class_01_axis_flipped_final_volume_SAMIV": {"R": "{205.0,5.0,5.0}", "MTX": "{0.992403880,0.042296560,-0.115522901,0.086824071,-0.906069581,0.414124975,-0.087155725,-0.421009400,-0.902859327}", "T": "{-86.049,48.840,135.348}", "sco": "28.415", "zsco": "5.070830", "Overlap": "0.1763,52/295", "CC": "0.474338", "PCC": "0.164307", "Score": "28.4", "Std": "2.390567", "Ave": "16.293187"}, "J131_class_02_axis_flipped_final_volume_FMN": {"R": "{265.0,265.0,175.0}", "MTX": "{0.086825039,-0.981030997,-0.173319348,-0.007596262,0.173319350,-0.984836382,0.996194614,0.086825036,0.007596291}", "T": "{91.807,77.444,-100.793}", "sco": "53.345", "zsco": "3.645182", "Overlap": "0.2649,98/370", "CC": "0.677173", "PCC": "0.344811", "Score": "53.3", "Std": "4.917285", "Ave": "35.420274"}, "J131_class_02_axis_flipped_final_volume_SAMIV": {"R": "{330.0,175.0,5.0}", "MTX": "{-0.992403823,-0.118891469,0.031614408,-0.086824066,0.858931224,0.504676861,-0.087156376,0.498098355,-0.862729271}", "T": "{99.853,-116.803,31.854}", "sco": "29.333", "zsco": "5.336022", "Overlap": "0.1634,50/306", "CC": "0.483273", "PCC": "0.207832", "Score": "29.3", "Std": "2.485300", "Ave": "16.071095"}, "J131_class_03_axis_flipped_final_volume_FMN": {"R": "{300.0,55.0,85.0}", "MTX": "{0.049990671,-0.559925493,-0.827033479,0.571393952,-0.663129358,0.483496025,-0.819151930,-0.496732219,0.286787759}", "T": "{121.979,-40.691,88.502}", "sco": "59.553", "zsco": "4.449618", "Overlap": "0.3185,100/314", "CC": "0.673070", "PCC": "0.357962", "Score": "59.6", "Std": "5.133534", "Ave": "36.711093"}, "J131_class_03_axis_flipped_final_volume_SAMIV": {"R": "{355.0,330.0,35.0}", "MTX": "{0.709406052,-0.535696131,-0.458009507,0.496731331,0.841030560,-0.214302548,0.500001038,-0.075480147,0.862729222}", "T": "{17.450,-96.618,-110.704}", "sco": "30.440", "zsco": "5.626934", "Overlap": "0.1815,49/270", "CC": "0.432086", "PCC": "0.117639", "Score": "30.4", "Std": "2.537843", "Ave": "16.159737"}, "J131_class_04_axis_flipped_final_volume_FMN": {"R": "{215.0,35.0,120.0}", "MTX": "{-0.409575749,0.873901673,-0.261808272,0.709406722,0.124662599,-0.693686774,-0.573576332,-0.469845828,-0.671010498}", "T": "{-24.417,-19.073,154.441}", "sco": "68.372", "zsco": "6.103963", "Overlap": "0.2019,107/530", "CC": "0.706100", "PCC": "0.320812", "Score": "68.4", "Std": "5.224411", "Ave": "36.481897"}, "J131_class_04_axis_flipped_final_volume_SAMIV": {"R": "{235.0,325.0,0.0}", "MTX": "{0.819151367,0.469846822,0.328990884,0.000000000,-0.573577135,0.819151555,0.573577403,-0.671009116,-0.469846495}", "T": "{-146.147,-14.119,41.786}", "sco": "28.033", "zsco": "4.622750", "Overlap": "0.1359,56/412", "CC": "0.381753", "PCC": "0.048650", "Score": "28.0", "Std": "2.483603", "Ave": "16.552321"}, "J132_class_00_final_volume_FMN": {"R": "{325.0,25.0,145.0}", "MTX": "{-0.742403634,-0.271280422,-0.612571446,0.519837204,-0.810046733,-0.271281351,-0.422618179,-0.519837689,0.742403294}", "T": "{146.858,55.288,10.205}", "sco": "51.204", "zsco": "4.731992", "Overlap": "0.2761,90/326", "CC": "0.550024", "PCC": "0.222024", "Score": "51.2", "Std": "4.086518", "Ave": "31.866868"}, "J132_class_00_final_volume_SAMIV": {"R": "{235.0,325.0,115.0}", "MTX": "{-0.346188017,0.321271856,-0.881441008,0.742403408,0.668229871,-0.048021038,0.573577403,-0.671009116,-0.469846495}", "T": "{84.947,-117.185,55.786}", "sco": "26.250", "zsco": "5.401458", "Overlap": "0.1845,50/271", "CC": "0.425560", "PCC": "0.102896", "Score": "26.2", "Std": "2.100328", "Ave": "14.904734"}, "J132_class_01_final_volume_FMN": {"R": "{275.0,65.0,145.0}", "MTX": "{-0.346188661,0.689588569,-0.636098276,0.242404181,-0.589251996,-0.770728420,-0.906307687,-0.421010322,0.036833207}", "T": "{25.172,89.112,117.982}", "sco": "55.914", "zsco": "4.163313", "Overlap": "0.2994,94/314", "CC": "0.649090", "PCC": "0.321405", "Score": "55.9", "Std": "5.256264", "Ave": "34.030641"}, "J132_class_01_final_volume_SAMIV": {"R": "{25.0,155.0,125.0}", "MTX": "{0.519836317,-0.844848486,0.126496003,-0.742403918,-0.373530651,0.556157600,-0.422618772,-0.383022046,-0.821393624}", "T": "{17.072,55.141,146.925}", "sco": "32.710", "zsco": "6.718908", "Overlap": "0.2087,53/254", "CC": "0.507597", "PCC": "0.164158", "Score": "32.7", "Std": "2.514104", "Ave": "15.818133"}, "J132_class_02_final_volume_FMN": {"R": "{5.0,85.0,55.0}", "MTX": "{0.049990671,-0.766234557,0.640613407,0.071394047,0.642516072,0.762939046,-0.996194671,0.007596149,0.086824395}", "T": "{-0.496,-134.009,77.553}", "sco": "62.334", "zsco": "4.530106", "Overlap": "0.2556,102/399", "CC": "0.674217", "PCC": "0.372554", "Score": "62.3", "Std": "5.737237", "Ave": "36.343381"}, "J132_class_02_final_volume_SAMIV": {"R": "{175.0,0.0,145.0}", "MTX": "{-0.819151742,0.571394203,0.049990881,0.573576868,0.816034577,0.071394297,-0.000000000,0.087156376,-0.996194643}", "T": "{17.008,-139.646,85.177}", "sco": "30.168", "zsco": "5.135007", "Overlap": "0.1571,52/331", "CC": "0.471069", "PCC": "0.228211", "Score": "30.2", "Std": "2.677153", "Ave": "16.420758"}, "J132_class_00_axis_flipped_final_volume_FMN": {"R": "{85.0,95.0,175.0}", "MTX": "{0.086823742,-0.996223634,0.000330717,-0.007596149,-0.000330065,0.999971094,-0.996194728,-0.086823744,-0.007596120}", "T": "{85.180,-78.316,100.793}", "sco": "53.650", "zsco": "5.248048", "Overlap": "0.3056,99/324", "CC": "0.590544", "PCC": "0.212066", "Score": "53.6", "Std": "4.260254", "Ave": "31.291494"}, "J132_class_00_axis_flipped_final_volume_SAMIV": {"R": "{155.0,330.0,155.0}", "MTX": "{-0.784884818,0.574534272,-0.232090913,0.365998339,0.732089875,0.574534272,0.500001038,0.365998339,-0.784884818}", "T": "{38.050,-143.846,0.024}", "sco": "28.464", "zsco": "6.358744", "Overlap": "0.1894,50/264", "CC": "0.440700", "PCC": "0.127385", "Score": "28.5", "Std": "2.131753", "Ave": "14.908680"}, "J132_class_01_axis_flipped_final_volume_FMN": {"R": "{150.0,90.0,65.0}", "MTX": "{0.000000138,0.996194671,0.087156050,0.000000296,0.087156050,-0.996194671,-1.000000000,0.000000163,-0.000000283}", "T": "{-100.168,85.177,93.000}", "sco": "62.186", "zsco": "5.231677", "Overlap": "0.3143,99/315", "CC": "0.679653", "PCC": "0.340299", "Score": "62.2", "Std": "5.234494", "Ave": "34.800388"}, "J132_class_01_axis_flipped_final_volume_SAMIV": {"R": "{325.0,120.0,60.0}", "MTX": "{-0.249999906,-0.957772262,-0.142029370,-0.433012321,-0.020607268,0.901152413,-0.866025622,0.286788485,-0.409575375}", "T": "{116.083,-24.488,92.038}", "sco": "26.775", "zsco": "4.443025", "Overlap": "0.1636,44/269", "CC": "0.309970", "PCC": "-0.004565", "Score": "26.8", "Std": "2.455806", "Ave": "15.863641"}, "J132_class_02_axis_flipped_final_volume_FMN": {"R": "{155.0,85.0,25.0}", "MTX": "{0.078990210,0.764587219,-0.639661575,0.036833731,-0.643466904,-0.764587222,-0.996194671,0.036833783,-0.078990186}", "T": "{-17.537,110.925,89.298}", "sco": "60.022", "zsco": "4.378450", "Overlap": "0.2558,100/391", "CC": "0.672798", "PCC": "0.368031", "Score": "60.0", "Std": "5.545870", "Ave": "35.739784"}, "J132_class_02_axis_flipped_final_volume_SAMIV": {"R": "{5.0,5.0,0.0}", "MTX": "{0.996194700,0.007596120,0.086824071,0.000000000,0.996194700,-0.087155725,-0.087155725,0.086824071,0.992403880}", "T": "{-100.793,-85.177,-85.318}", "sco": "29.514", "zsco": "5.412952", "Overlap": "0.1703,55/323", "CC": "0.450640", "PCC": "0.147071", "Score": "29.5", "Std": "2.492179", "Ave": "16.024097"}, "J133_class_00_final_volume_FMN": {"R": "{240.0,0.0,155.0}", "MTX": "{-0.906307549,0.211309705,-0.365998408,0.422618772,0.453154459,-0.784884966,-0.000000000,-0.866024968,-0.500000755}", "T": "{84.246,-14.816,117.478}", "sco": "52.453", "zsco": "4.230132", "Overlap": "0.2857,88/308", "CC": "0.607073", "PCC": "0.282821", "Score": "52.5", "Std": "4.765034", "Ave": "32.296132"}, "J133_class_00_final_volume_SAMIV": {"R": "{155.0,325.0,125.0}", "MTX": "{-0.469845618,0.881441381,0.048022776,0.671009730,0.321270049,0.668230123,0.573577403,0.346188745,-0.742403068}", "T": "{-39.527,-142.804,-15.253}", "sco": "30.225", "zsco": "6.275986", "Overlap": "0.2213,56/253", "CC": "0.490662", "PCC": "0.123195", "Score": "30.2", "Std": "2.377997", "Ave": "15.300848"}, "J133_class_01_final_volume_FMN": {"R": "{65.0,175.0,85.0}", "MTX": "{-0.086824390,-0.414125774,0.906069185,-0.992403795,0.115523666,-0.042296469,-0.087156376,-0.902858863,-0.421010261}", "T": "{-27.840,79.049,121.348}", "sco": "57.385", "zsco": "5.223069", "Overlap": "0.2849,96/337", "CC": "0.636989", "PCC": "0.262272", "Score": "57.4", "Std": "4.634054", "Ave": "33.180720"}, "J133_class_01_final_volume_SAMIV": {"R": "{355.0,150.0,30.0}", "MTX": "{-0.749999811,-0.535837337,0.387786838,-0.433012484,0.840940599,0.324529039,-0.500000472,0.075480176,-0.862729547}", "T": "{84.232,-62.991,117.703}", "sco": "29.917", "zsco": "5.744333", "Overlap": "0.2080,57/274", "CC": "0.520493", "PCC": "0.192441", "Score": "29.9", "Std": "2.456529", "Ave": "15.805449"}, "J133_class_02_final_volume_FMN": {"R": "{85.0,180.0,55.0}", "MTX": "{-0.573576600,-0.071393673,0.816034820,-0.819151930,0.049991204,-0.571393906,-0.000000654,-0.996194671,-0.087156050}", "T": "{-21.712,122.288,100.168}", "sco": "53.434", "zsco": "4.130648", "Overlap": "0.2185,92/421", "CC": "0.519440", "PCC": "0.261794", "Score": "53.4", "Std": "4.294634", "Ave": "35.694674"}, "J133_class_02_final_volume_SAMIV": {"R": "{275.0,30.0,5.0}", "MTX": "{0.862729971,-0.503797924,-0.043412538,0.075479076,0.043411067,0.996201982,-0.499999906,-0.862730045,0.075478231}", "T": "{-27.135,-95.898,103.704}", "sco": "28.431", "zsco": "5.408995", "Overlap": "0.1316,45/342", "CC": "0.418435", "PCC": "0.098439", "Score": "28.4", "Std": "2.293214", "Ave": "16.026973"}, "J133_class_03_final_volume_FMN": {"R": "{115.0,55.0,115.0}", "MTX": "{-0.242403729,0.069268781,0.967699472,0.519837040,0.851452458,0.069268781,-0.819151930,0.519837040,-0.242403729}", "T": "{-61.333,-137.888,46.588}", "sco": "57.704", "zsco": "4.939167", "Overlap": "0.2781,104/374", "CC": "0.595593", "PCC": "0.292233", "Score": "57.7", "Std": "4.866104", "Ave": "33.669423"}, "J133_class_03_final_volume_SAMIV": {"R": "{0.0,0.0,25.0}", "MTX": "{0.906307825,-0.422618179,0.000000000,0.422618179,0.906307825,0.000000000,-0.000000000,0.000000000,1.000000000}", "T": "{-48.597,-121.288,-93.000}", "sco": "26.059", "zsco": "4.767515", "Overlap": "0.1711,52/304", "CC": "0.386237", "PCC": "0.168932", "Score": "26.1", "Std": "2.186529", "Ave": "15.634690"}, "J133_class_00_axis_flipped_final_volume_FMN": {"R": "{355.0,85.0,150.0}", "MTX": "{-0.075479330,-0.422904814,-0.903025132,0.043578066,-0.906142271,0.420722161,-0.996194671,-0.007596262,0.086824385}", "T": "{127.521,37.998,85.859}", "sco": "53.672", "zsco": "4.810531", "Overlap": "0.3200,96/300", "CC": "0.629392", "PCC": "0.218974", "Score": "53.7", "Std": "4.452926", "Ave": "32.250967"}, "J133_class_00_axis_flipped_final_volume_SAMIV": {"R": "{25.0,355.0,25.0}", "MTX": "{0.902858949,-0.416405236,0.107015878,0.421009942,0.805827095,-0.416405236,0.087157027,0.421009942,0.902858949}", "T": "{-58.038,-69.697,-121.348}", "sco": "29.329", "zsco": "5.808077", "Overlap": "0.2023,52/257", "CC": "0.461981", "PCC": "0.144627", "Score": "29.3", "Std": "2.419131", "Ave": "15.278733"}, "J133_class_01_axis_flipped_final_volume_FMN": {"R": "{240.0,90.0,95.0}", "MTX": "{-0.000000028,0.573576868,-0.819151742,0.000000326,-0.819151742,-0.573576868,-1.000000000,-0.000000283,-0.000000163}", "T": "{21.119,119.775,93.000}", "sco": "56.495", "zsco": "4.917051", "Overlap": "0.3119,102/327", "CC": "0.671428", "PCC": "0.325399", "Score": "56.5", "Std": "4.632559", "Ave": "33.716047"}, "J133_class_01_axis_flipped_final_volume_SAMIV": {"R": "{305.0,155.0,35.0}", "MTX": "{-0.742403748,-0.612571046,-0.271281015,-0.519836560,0.271279620,0.810047726,-0.422618772,0.742404257,-0.519835832}", "T": "{139.858,-41.288,10.204}", "sco": "30.584", "zsco": "5.588870", "Overlap": "0.1942,54/278", "CC": "0.460222", "PCC": "0.110049", "Score": "30.6", "Std": "2.608170", "Ave": "16.007338"}, "J133_class_02_axis_flipped_final_volume_FMN": {"R": "{185.0,85.0,60.0}", "MTX": "{0.043578042,0.819318132,-0.571680640,0.075479344,-0.573288844,-0.815869334,-0.996194671,-0.007596092,-0.086824400}", "T": "{-32.045,112.976,100.793}", "sco": "54.801", "zsco": "4.024805", "Overlap": "0.2344,98/418", "CC": "0.640510", "PCC": "0.303531", "Score": "54.8", "Std": "4.611973", "Ave": "36.238935"}, "J133_class_02_axis_flipped_final_volume_SAMIV": {"R": "{5.0,335.0,60.0}", "MTX": "{0.453153807,-0.881146664,-0.135026603,0.784885023,0.466198625,-0.408184202,0.422619364,0.078989867,0.902858502}", "T": "{48.420,-72.489,-134.784}", "sco": "27.333", "zsco": "4.918880", "Overlap": "0.1354,47/347", "CC": "0.373270", "PCC": "0.106866", "Score": "27.3", "Std": "2.253512", "Ave": "16.248539"}, "J133_class_03_axis_flipped_final_volume_FMN": {"R": "{0.0,275.0,115.0}", "MTX": "{-0.036833155,-0.906307964,0.421009731,0.078989042,-0.422617883,-0.902859267,0.996194785,0.000000000,0.087154748}", "T": "{44.903,114.198,-100.168}", "sco": "62.624", "zsco": "5.050169", "Overlap": "0.2865,110/384", "CC": "0.708092", "PCC": "0.366007", "Score": "62.6", "Std": "5.529788", "Ave": "34.697156"}, "J133_class_03_axis_flipped_final_volume_SAMIV": {"R": "{335.0,0.0,145.0}", "MTX": "{-0.819151742,-0.519836887,-0.242404691,0.573576868,-0.742403182,-0.346189388,-0.000000000,-0.422619364,0.906307273}", "T": "{136.000,44.291,-41.597}", "sco": "30.141", "zsco": "5.938105", "Overlap": "0.1506,47/312", "CC": "0.441673", "PCC": "0.133551", "Score": "30.1", "Std": "2.395124", "Ave": "15.918284"}, "J134_class_00_final_volume_FMN": {"R": "{240.0,185.0,90.0}", "MTX": "{-0.000000326,0.500000779,-0.866024954,-0.996194757,0.075478306,0.043577886,0.087155074,0.862729532,0.498098130}", "T": "{38.478,75.434,-138.527}", "sco": "54.649", "zsco": "5.148533", "Overlap": "0.2402,92/383", "CC": "0.622767", "PCC": "0.316161", "Score": "54.6", "Std": "4.351203", "Ave": "32.246964"}, "J134_class_00_final_volume_SAMIV": {"R": "{155.0,155.0,35.0}", "MTX": "{-0.742403748,0.666142556,-0.071349635,-0.519836560,-0.639959214,-0.565881750,-0.422618772,-0.383022583,0.821393374}", "T": "{12.695,162.408,5.645}", "sco": "29.200", "zsco": "5.668050", "Overlap": "0.1708,55/322", "CC": "0.540430", "PCC": "0.195147", "Score": "29.2", "Std": "2.414605", "Ave": "15.513797"}, "J134_class_01_final_volume_FMN": {"R": "{240.0,55.0,65.0}", "MTX": "{0.242404068,0.153346435,-0.957979717,0.519836882,-0.854249690,-0.005204254,-0.819151930,-0.496731657,-0.286788733}", "T": "{62.352,29.207,144.830}", "sco": "57.075", "zsco": "4.756688", "Overlap": "0.1759,92/523", "CC": "0.552037", "PCC": "0.308790", "Score": "57.1", "Std": "4.701378", "Ave": "34.711933"}, "J134_class_01_final_volume_SAMIV": {"R": "{115.0,155.0,5.0}", "MTX": "{-0.902858777,0.418398810,-0.098936673,-0.078989891,-0.387627069,-0.918425747,-0.422618772,-0.821393749,0.383021778}", "T": "{50.172,126.114,67.045}", "sco": "31.017", "zsco": "6.685355", "Overlap": "0.1244,50/402", "CC": "0.357062", "PCC": "0.087901", "Score": "31.0", "Std": "2.198278", "Ave": "16.320364"}, "J134_class_02_final_volume_FMN": {"R": "{270.0,5.0,0.0}", "MTX": "{0.996194700,-0.087155725,-0.000000085,0.000000000,-0.000000980,1.000000000,-0.087155725,-0.996194700,-0.000000977}", "T": "{-85.177,-86.000,93.168}", "sco": "59.939", "zsco": "5.512970", "Overlap": "0.2961,106/358", "CC": "0.696019", "PCC": "0.329158", "Score": "59.9", "Std": "4.711028", "Ave": "33.967090"}, "J134_class_02_final_volume_SAMIV": {"R": "{210.0,335.0,145.0}", "MTX": "{-0.742403182,0.323637891,-0.586596992,0.519836887,0.830608716,-0.199646617,0.422619364,-0.453153038,-0.784885468}", "T": "{86.461,-98.969,77.126}", "sco": "29.565", "zsco": "5.626637", "Overlap": "0.1761,53/301", "CC": "0.406998", "PCC": "0.102332", "Score": "29.6", "Std": "2.361969", "Ave": "16.274969"}, "J134_class_03_final_volume_FMN": {"R": "{295.0,5.0,120.0}", "MTX": "{-0.498096974,-0.326502456,-0.803302901,0.862730134,-0.279715808,-0.421255009,-0.087155725,-0.902859465,0.421009105}", "T": "{147.000,-13.911,48.935}", "sco": "61.776", "zsco": "4.822066", "Overlap": "0.2816,98/348", "CC": "0.636069", "PCC": "0.318381", "Score": "61.8", "Std": "5.445083", "Ave": "35.519281"}, "J134_class_03_final_volume_SAMIV": {"R": "{180.0,5.0,25.0}", "MTX": "{0.902859052,0.422618231,-0.078989639,0.421009990,-0.906307801,-0.036834186,-0.087155725,0.000000651,-0.996194700}", "T": "{-114.198,44.903,93.168}", "sco": "30.144", "zsco": "6.319455", "Overlap": "0.2036,57/280", "CC": "0.511366", "PCC": "0.122707", "Score": "30.1", "Std": "2.299955", "Ave": "15.610023"}, "J134_class_04_final_volume_FMN": {"R": "{35.0,85.0,115.0}", "MTX": "{-0.036833705,-0.983885277,0.174965824,0.078990222,0.171670314,0.981982611,-0.996194671,0.049990648,0.071394063}", "T": "{72.735,-106.007,75.234}", "sco": "65.094", "zsco": "5.474186", "Overlap": "0.2532,99/391", "CC": "0.665007", "PCC": "0.347801", "Score": "65.1", "Std": "5.157971", "Ave": "36.858458"}, "J134_class_04_final_volume_SAMIV": {"R": "{155.0,0.0,150.0}", "MTX": "{-0.866025131,0.453154202,0.211309585,0.500000472,0.784885114,0.365998477,-0.000000000,0.422618772,-0.906307549}", "T": "{17.334,-148.976,41.597}", "sco": "30.234", "zsco": "6.087276", "Overlap": "0.1555,51/328", "CC": "0.482285", "PCC": "0.212036", "Score": "30.2", "Std": "2.267330", "Ave": "16.432324"}, "J134_class_00_axis_flipped_final_volume_FMN": {"R": "{215.0,265.0,25.0}", "MTX": "{-0.078990800,0.864046791,0.497175620,-0.036834006,-0.500923194,0.864707586,0.996194614,0.049990974,0.071394629}", "T": "{-117.272,-28.118,-103.112}", "sco": "49.386", "zsco": "4.369421", "Overlap": "0.2813,101/359", "CC": "0.637896", "PCC": "0.245909", "Score": "49.4", "Std": "4.065879", "Ave": "31.620009"}, "J134_class_00_axis_flipped_final_volume_SAMIV": {"R": "{205.0,0.0,355.0}", "MTX": "{0.996194586,-0.078991120,0.036834092,-0.087157027,-0.902859224,0.421009352,-0.000000000,-0.422617587,-0.906308102}", "T": "{-89.047,55.935,121.288}", "sco": "29.372", "zsco": "6.388802", "Overlap": "0.1651,52/315", "CC": "0.480775", "PCC": "0.159322", "Score": "29.4", "Std": "2.268075", "Ave": "14.881592"}, "J134_class_01_axis_flipped_final_volume_FMN": {"R": "{305.0,55.0,95.0}", "MTX": "{-0.049990297,-0.512910731,-0.856985153,0.571393985,-0.718447325,0.396664033,-0.819151930,-0.469846809,0.328989502}", "T": "{136.110,-28.467,82.561}", "sco": "57.574", "zsco": "4.468174", "Overlap": "0.1801,94/522", "CC": "0.604220", "PCC": "0.247943", "Score": "57.6", "Std": "5.120863", "Ave": "34.693448"}, "J134_class_01_axis_flipped_final_volume_SAMIV": {"R": "{180.0,25.0,120.0}", "MTX": "{-0.453153571,0.866025484,0.211309496,0.784885798,0.499999862,-0.365997845,-0.422618179,0.000000592,-0.906307825}", "T": "{-53.680,-86.024,121.288}", "sco": "29.108", "zsco": "5.764367", "Overlap": "0.1088,47/432", "CC": "0.454745", "PCC": "0.238805", "Score": "29.1", "Std": "2.245721", "Ave": "16.163000"}, "J134_class_02_axis_flipped_final_volume_FMN": {"R": "{270.0,25.0,120.0}", "MTX": "{-0.453153571,0.211309779,-0.866025414,0.784885798,-0.365997681,-0.499999981,-0.422618179,-0.906307825,-0.000000889}", "T": "{109.277,6.976,114.288}", "sco": "50.840", "zsco": "3.924383", "Overlap": "0.2609,96/368", "CC": "0.580744", "PCC": "0.285072", "Score": "50.8", "Std": "4.260625", "Ave": "34.120068"}, "J134_class_02_axis_flipped_final_volume_SAMIV": {"R": "{295.0,330.0,55.0}", "MTX": "{0.496731563,-0.086268631,-0.863606089,0.709405890,0.613606231,0.346742955,0.500001038,-0.784885416,0.365997057}", "T": "{31.970,-143.599,7.024}", "sco": "28.039", "zsco": "5.181358", "Overlap": "0.1678,51/304", "CC": "0.421810", "PCC": "0.118948", "Score": "28.0", "Std": "2.289930", "Ave": "16.174029"}, "J134_class_03_axis_flipped_final_volume_FMN": {"R": "{65.0,240.0,125.0}", "MTX": "{0.286788465,0.104002400,0.952331810,-0.409576771,-0.885344269,0.220028167,0.866024968,-0.453154528,-0.211309557}", "T": "{-115.509,92.441,-17.334}", "sco": "59.789", "zsco": "4.822507", "Overlap": "0.2971,101/340", "CC": "0.690516", "PCC": "0.325262", "Score": "59.8", "Std": "5.137685", "Ave": "35.012474"}, "J134_class_03_axis_flipped_final_volume_SAMIV": {"R": "{5.0,0.0,0.0}", "MTX": "{1.000000000,0.000000000,0.000000000,0.000000000,0.996194700,-0.087155725,-0.000000000,0.087155725,0.996194700}", "T": "{-86.000,-78.177,-100.168}", "sco": "31.922", "zsco": "6.929416", "Overlap": "0.1742,50/287", "CC": "0.511961", "PCC": "0.244597", "Score": "31.9", "Std": "2.361386", "Ave": "15.558960"}, "J134_class_04_axis_flipped_final_volume_FMN": {"R": "{95.0,155.0,5.0}", "MTX": "{-0.902858777,0.427004613,0.050130728,-0.078989891,-0.050130263,-0.995614159,-0.422618772,-0.902858803,0.078989596}", "T": "{43.612,110.727,114.198}", "sco": "57.435", "zsco": "3.966694", "Overlap": "0.2449,97/396", "CC": "0.572255", "PCC": "0.239853", "Score": "57.4", "Std": "5.142277", "Ave": "37.036872"}, "J134_class_04_axis_flipped_final_volume_SAMIV": {"R": "{335.0,180.0,0.0}", "MTX": "{-1.000000000,-0.000000276,0.000000592,-0.000000000,0.906307273,0.422619364,-0.000000654,0.422619364,-0.906307273}", "T": "{86.000,-114.288,41.597}", "sco": "28.314", "zsco": "4.962167", "Overlap": "0.1562,52/333", "CC": "0.465347", "PCC": "0.154948", "Score": "28.3", "Std": "2.371707", "Ave": "16.545561"}, "J135_class_00_final_volume_FMN": {"R": "{35.0,295.0,25.0}", "MTX": "{0.383021358,-0.817320878,-0.430443054,0.178605750,0.522711426,-0.833590278,0.906308240,0.242403276,0.346187849}", "T": "{81.368,18.375,-142.561}", "sco": "52.388", "zsco": "4.990989", "Overlap": "0.2899,89/307", "CC": "0.640924", "PCC": "0.306338", "Score": "52.4", "Std": "4.249271", "Ave": "31.180010"}, "J135_class_00_final_volume_SAMIV": {"R": "{155.0,175.0,25.0}", "MTX": "{-0.902859000,0.416404917,0.107016685,-0.421009966,-0.805826940,-0.416405513,-0.087156376,-0.421010556,0.902858725}", "T": "{32.632,155.319,-33.943}", "sco": "30.112", "zsco": "6.422063", "Overlap": "0.2068,49/237", "CC": "0.426855", "PCC": "0.169002", "Score": "30.1", "Std": "2.359943", "Ave": "14.956467"}, "J135_class_01_final_volume_FMN": {"R": "{0.0,60.0,145.0}", "MTX": "{-0.409576026,-0.573576868,-0.709406129,0.286788542,-0.819151742,0.496732076,-0.866025295,0.000000000,0.500000189}", "T": "{159.560,3.064,31.478}", "sco": "61.088", "zsco": "5.980420", "Overlap": "0.2743,96/350", "CC": "0.618182", "PCC": "0.251492", "Score": "61.1", "Std": "4.666813", "Ave": "33.178490"}, "J135_class_01_final_volume_SAMIV": {"R": "{205.0,175.0,0.0}", "MTX": "{-0.996194643,-0.036833817,-0.078990529,-0.000000000,-0.906308102,0.422617587,-0.087156376,0.421009376,0.902859275}", "T": "{95.634,34.597,-113.357}", "sco": "26.805", "zsco": "4.453213", "Overlap": "0.1541,43/279", "CC": "0.393737", "PCC": "0.137230", "Score": "26.8", "Std": "2.505356", "Ave": "15.648067"}, "J135_class_02_final_volume_FMN": {"R": "{205.0,235.0,120.0}", "MTX": "{0.286788351,0.611792241,-0.737199224,-0.496732495,0.752961260,0.431631984,0.819151555,0.242403785,0.519837605}", "T": "{-6.879,-59.156,-143.000}", "sco": "59.650", "zsco": "5.162771", "Overlap": "0.3206,109/340", "CC": "0.622324", "PCC": "0.312946", "Score": "59.6", "Std": "4.732332", "Ave": "35.217917"}, "J135_class_02_final_volume_SAMIV": {"R": "{335.0,185.0,150.0}", "MTX": "{0.862729695,-0.485052733,-0.142903182,-0.498097848,-0.766468147,-0.405493666,0.087155074,0.421011195,-0.902858553}", "T": "{-20.191,143.625,33.944}", "sco": "26.917", "zsco": "4.753833", "Overlap": "0.1747,51/292", "CC": "0.470583", "PCC": "0.274235", "Score": "26.9", "Std": "2.313304", "Ave": "15.920365"}, "J135_class_00_axis_flipped_final_volume_FMN": {"R": "{330.0,270.0,5.0}", "MTX": "{-0.000000977,0.422619364,-0.906307273,-0.000000085,0.906307273,0.422619364,1.000000000,0.000000490,-0.000000849}", "T": "{41.597,-121.288,-100.000}", "sco": "45.291", "zsco": "3.633841", "Overlap": "0.2524,79/313", "CC": "0.577026", "PCC": "0.246907", "Score": "45.3", "Std": "4.021215", "Ave": "30.678319"}, "J135_class_00_axis_flipped_final_volume_SAMIV": {"R": "{330.0,155.0,65.0}", "MTX": "{-0.383022315,-0.874188374,-0.298477124,-0.821393499,0.174486365,0.543016785,-0.422618772,0.453154715,-0.784884818}", "T": "{133.789,15.935,71.874}", "sco": "31.886", "zsco": "7.038697", "Overlap": "0.2