{"J119_class_00_final_volume_FMN": {"R": "{205.0,95.0,115.0}", "MTX": "{0.036833430,0.999320357,-0.001457176,-0.078989632,0.001457828,-0.996874372,-0.996194728,0.036833404,0.078989644}", "T": "{-95.984,99.399,75.712}", "sco": "62.499", "zsco": "4.920995", "Overlap": "0.4367,100/229", "CC": "0.717859", "PCC": "0.388146", "Score": "62.5", "Std": "6.004914", "Ave": "32.948863"}, "J119_class_00_final_volume_SAMIV": {"R": "{355.0,325.0,0.0}", "MTX": "{0.819151367,0.049991301,-0.571394703,0.000000000,0.996194586,0.087157027,0.573577403,-0.071394798,0.816034157}", "T": "{-25.606,-93.168,-134.367}", "sco": "26.980", "zsco": "5.130754", "Overlap": "0.1960,39/199", "CC": "0.319459", "PCC": "-0.014306", "Score": "27.0", "Std": "2.396925", "Ave": "14.681559"}, "J119_class_01_final_volume_FMN": {"R": "{5.0,65.0,85.0}", "MTX": "{0.036833757,-0.985519403,0.165513685,0.421010273,0.165513716,0.891827091,-0.906307687,0.036833620,0.421010285}", "T": "{67.353,-134.138,45.568}", "sco": "65.474", "zsco": "4.853263", "Overlap": "0.3806,102/268", "CC": "0.680661", "PCC": "0.357596", "Score": "65.5", "Std": "5.980158", "Ave": "36.450818"}, "J119_class_01_final_volume_SAMIV": {"R": "{30.0,25.0,175.0}", "MTX": "{-0.902859000,-0.285984584,-0.321027169,0.078990505,-0.844312991,0.529996296,-0.422618179,0.453153827,0.784885650}", "T": "{129.849,13.238,-77.126}", "sco": "29.312", "zsco": "5.572087", "Overlap": "0.2264,48/212", "CC": "0.378203", "PCC": "0.140207", "Score": "29.3", "Std": "2.564775", "Ave": "15.021309"}, "J119_class_02_final_volume_FMN": {"R": "{305.0,25.0,125.0}", "MTX": "{-0.519836476,-0.271280099,-0.810047620,0.742404144,-0.612570560,-0.271281029,-0.422618179,-0.742404484,0.519835991}", "T": "{151.700,12.164,55.486}", "sco": "53.822", "zsco": "4.596971", "Overlap": "0.3629,90/248", "CC": "0.602562", "PCC": "0.188564", "Score": "53.8", "Std": "5.095959", "Ave": "30.396030"}, "J119_class_02_final_volume_SAMIV": {"R": "{0.0,180.0,5.0}", "MTX": "{-0.996194700,-0.087155725,0.000000651,-0.087155725,0.996194700,0.000000057,-0.000000654,-0.000000000,-1.000000000}", "T": "{100.168,-78.177,93.000}", "sco": "33.788", "zsco": "7.356795", "Overlap": "0.2727,57/209", "CC": "0.507401", "PCC": "0.337444", "Score": "33.8", "Std": "2.582155", "Ave": "14.791291"}, "J119_class_00_axis_flipped_final_volume_FMN": {"R": "{205.0,85.0,90.0}", "MTX": "{0.000000028,0.906307964,-0.422617882,0.087156050,-0.421009684,-0.902859163,-0.996194671,-0.036833680,-0.078990234}", "T": "{-41.597,106.357,102.634}", "sco": "85.768", "zsco": "7.651979", "Overlap": "0.5409,119/220", "CC": "0.834786", "PCC": "0.515937", "Score": "85.8", "Std": "6.878189", "Ave": "33.136716"}, "J119_class_00_axis_flipped_final_volume_SAMIV": {"R": "{35.0,355.0,85.0}", "MTX": "{0.086824385,-0.820392010,0.565171191,0.992403738,0.021593088,-0.121113830,0.087157027,0.571393637,0.816034904}", "T": "{21.482,-83.788,-126.814}", "sco": "26.492", "zsco": "5.128159", "Overlap": "0.2300,46/200", "CC": "0.451601", "PCC": "0.129043", "Score": "26.5", "Std": "2.303193", "Ave": "14.680916"}, "J119_class_01_axis_flipped_final_volume_FMN": {"R": "{295.0,265.0,150.0}", "MTX": "{0.075479894,-0.993207764,-0.088550113,-0.043578392,0.085432925,-0.995390446,0.996194614,0.078990837,-0.036833929}", "T": "{86.540,82.004,-96.298}", "sco": "76.397", "zsco": "6.065215", "Overlap": "0.4856,118/243", "CC": "0.757038", "PCC": "0.415279", "Score": "76.4", "Std": "6.456733", "Ave": "37.235843"}, "J119_class_01_axis_flipped_final_volume_SAMIV": {"R": "{210.0,150.0,35.0}", "MTX": "{-0.709406320,0.291943941,-0.641491550,-0.496731519,-0.852800884,0.161209337,-0.500000472,0.433011994,0.750000094}", "T": "{98.070,102.196,-65.739}", "sco": "27.251", "zsco": "4.868401", "Overlap": "0.2098,47/224", "CC": "0.403308", "PCC": "0.182648", "Score": "27.3", "Std": "2.458729", "Ave": "15.281254"}, "J119_class_02_axis_flipped_final_volume_FMN": {"R": "{125.0,185.0,125.0}", "MTX": "{0.571393468,0.510795631,0.642337394,-0.816035231,0.270507533,0.510795631,0.087155074,-0.816035231,0.571393468}", "T": "{-155.309,-4.013,6.544}", "sco": "51.407", "zsco": "4.139757", "Overlap": "0.3142,82/261", "CC": "0.591810", "PCC": "0.278346", "Score": "51.4", "Std": "4.987604", "Ave": "30.759577"}, "J119_class_02_axis_flipped_final_volume_SAMIV": {"R": "{0.0,0.0,0.0}", "MTX": "{1.000000000,0.000000000,0.000000000,0.000000000,1.000000000,0.000000000,-0.000000000,0.000000000,1.000000000}", "T": "{-86.000,-86.000,-86.000}", "sco": "64.736", "zsco": "16.194569", "Overlap": "0.3862,73/189", "CC": "0.660870", "PCC": "0.440424", "Score": "64.7", "Std": "3.083428", "Ave": "14.801481"}, "J120_class_00_final_volume_FMN": {"R": "{95.0,245.0,125.0}", "MTX": "{0.242404182,0.589251666,0.770728673,-0.346189384,-0.689588505,0.636097952,0.906307411,-0.421010888,0.036833534}", "T": "{-144.805,34.372,-44.903}", "sco": "67.383", "zsco": "5.016585", "Overlap": "0.3477,105/302", "CC": "0.751430", "PCC": "0.456685", "Score": "67.4", "Std": "5.722645", "Ave": "38.674912"}, "J120_class_00_final_volume_SAMIV": {"R": "{150.0,0.0,175.0}", "MTX": "{-0.996194643,0.075479612,0.043578229,0.087156376,0.862729596,0.498097791,-0.000000000,0.500000472,-0.866025131}", "T": "{75.434,-124.527,17.478}", "sco": "26.915", "zsco": "4.495737", "Overlap": "0.1779,45/253", "CC": "0.348610", "PCC": "0.113867", "Score": "26.9", "Std": "2.398623", "Ave": "16.131534"}, "J120_class_01_final_volume_FMN": {"R": "{90.0,205.0,150.0}", "MTX": "{0.784885593,0.365997288,0.500000591,-0.453154478,-0.211309276,0.866025062,0.422617587,-0.906308102,-0.000000296}", "T": "{-155.976,-17.334,48.597}", "sco": "63.946", "zsco": "5.144600", "Overlap": "0.4322,102/236", "CC": "0.691604", "PCC": "0.190761", "Score": "63.9", "Std": "5.905048", "Ave": "33.566878"}, "J120_class_01_final_volume_SAMIV": {"R": "{0.0,0.0,95.0}", "MTX": "{-0.087155399,-0.996194728,0.000000000,0.996194728,-0.087155399,0.000000000,-0.000000000,0.000000000,1.000000000}", "T": "{100.168,-78.177,-72.000}", "sco": "27.569", "zsco": "5.469138", "Overlap": "0.2075,44/212", "CC": "0.468197", "PCC": "0.189208", "Score": "27.6", "Std": "2.336620", "Ave": "14.790042"}, "J120_class_02_final_volume_FMN": {"R": "{25.0,270.0,120.0}", "MTX": "{0.000000490,-0.573576868,0.819151742,-0.000000849,-0.819151742,-0.573576868,1.000000000,-0.000000414,-0.000000889}", "T": "{-14.119,119.775,-86.000}", "sco": "57.904", "zsco": "4.136837", "Overlap": "0.3358,90/268", "CC": "0.633015", "PCC": "0.275264", "Score": "57.9", "Std": "5.615095", "Ave": "34.674959"}, "J120_class_02_final_volume_SAMIV": {"R": "{330.0,180.0,35.0}", "MTX": "{-0.819152117,-0.496731599,-0.286788298,-0.573576332,0.709405865,0.409577233,-0.000000654,0.500001038,-0.866024805}", "T": "{137.830,-46.905,38.478}", "sco": "27.702", "zsco": "5.091813", "Overlap": "0.2315,50/216", "CC": "0.434866", "PCC": "0.089267", "Score": "27.7", "Std": "2.418600", "Ave": "15.386976"}, "J120_class_03_final_volume_FMN": {"R": "{150.0,90.0,65.0}", "MTX": "{0.000000138,0.996194671,0.087156050,0.000000296,0.087156050,-0.996194671,-1.000000000,0.000000163,-0.000000283}", "T": "{-93.168,92.177,93.000}", "sco": "52.723", "zsco": "4.436857", "Overlap": "0.3594,92/256", "CC": "0.605839", "PCC": "0.277482", "Score": "52.7", "Std": "5.036826", "Ave": "30.375324"}, "J120_class_03_final_volume_SAMIV": {"R": "{0.0,180.0,5.0}", "MTX": "{-0.996194700,-0.087155725,0.000000651,-0.087155725,0.996194700,0.000000057,-0.000000654,-0.000000000,-1.000000000}", "T": "{100.168,-78.177,93.000}", "sco": "50.629", "zsco": "12.622925", "Overlap": "0.3590,70/195", "CC": "0.630667", "PCC": "0.348227", "Score": "50.6", "Std": "2.847496", "Ave": "14.684789"}, "J120_class_00_axis_flipped_final_volume_FMN": {"R": "{245.0,305.0,35.0}", "MTX": "{0.469845609,0.850546222,-0.236254584,0.328989348,0.079636142,0.940969762,0.819152680,-0.519835753,-0.242403956}", "T": "{-100.236,-109.065,-4.895}", "sco": "69.036", "zsco": "5.473246", "Overlap": "0.3456,103/298", "CC": "0.652801", "PCC": "0.264943", "Score": "69.0", "Std": "5.512528", "Ave": "38.864870"}, "J120_class_00_axis_flipped_final_volume_SAMIV": {"R": "{245.0,295.0,55.0}", "MTX": "{0.242403389,0.817321531,-0.522710352,0.346187769,0.430441969,0.833590871,0.906308240,-0.383021183,-0.178606126}", "T": "{-46.183,-138.479,-43.643}", "sco": "28.453", "zsco": "5.034343", "Overlap": "0.1615,42/260", "CC": "0.350712", "PCC": "0.206179", "Score": "28.5", "Std": "2.430881", "Ave": "16.214634"}, "J120_class_01_axis_flipped_final_volume_FMN": {"R": "{335.0,265.0,95.0}", "MTX": "{0.007596177,-0.939551921,-0.342322196,-0.086825046,0.340419501,-0.936256362,0.996194614,0.036834110,-0.078990752}", "T": "{116.588,58.709,-82.047}", "sco": "89.172", "zsco": "7.663687", "Overlap": "0.5488,118/215", "CC": "0.811033", "PCC": "0.540670", "Score": "89.2", "Std": "7.245349", "Ave": "33.645779"}, "J120_class_01_axis_flipped_final_volume_SAMIV": {"R": "{145.0,355.0,0.0}", "MTX": "{0.996194586,-0.049991254,0.071394830,0.000000000,-0.819151742,-0.573576868,0.087157027,0.571394170,-0.816034531}", "T": "{-94.513,119.775,6.544}", "sco": "27.775", "zsco": "5.500915", "Overlap": "0.2217,47/212", "CC": "0.447668", "PCC": "0.152696", "Score": "27.8", "Std": "2.353582", "Ave": "14.828493"}, "J120_class_02_axis_flipped_final_volume_FMN": {"R": "{155.0,240.0,55.0}", "MTX": "{-0.286788733,0.532475455,0.796380633,-0.409576583,-0.819645105,0.400535797,0.866024968,-0.211309705,0.453154459}", "T": "{-89.618,71.267,-102.277}", "sco": "59.305", "zsco": "4.613157", "Overlap": "0.3775,94/249", "CC": "0.662026", "PCC": "0.350794", "Score": "59.3", "Std": "5.294304", "Ave": "34.881391"}, "J120_class_02_axis_flipped_final_volume_SAMIV": {"R": "{0.0,0.0,90.0}", "MTX": "{0.000000327,-1.000000000,0.000000000,1.000000000,0.000000327,0.000000000,-0.000000000,0.000000000,1.000000000}", "T": "{93.000,-86.000,-79.000}", "sco": "29.548", "zsco": "5.834056", "Overlap": "0.2582,55/213", "CC": "0.473472", "PCC": "0.158629", "Score": "29.5", "Std": "2.414459", "Ave": "15.462042"}, "J120_class_03_axis_flipped_final_volume_FMN": {"R": "{115.0,0.0,5.0}", "MTX": "{0.996194700,0.036833568,0.078989927,0.087155725,-0.421009695,-0.902859190,-0.000000000,0.906307964,-0.422617883}", "T": "{-102.634,106.357,-41.597}", "sco": "54.930", "zsco": "4.908239", "Overlap": "0.3936,98/249", "CC": "0.642374", "PCC": "0.328886", "Score": "54.9", "Std": "5.031707", "Ave": "30.233047"}, "J120_class_03_axis_flipped_final_volume_SAMIV": {"R": "{0.0,0.0,0.0}", "MTX": "{1.000000000,0.000000000,0.000000000,0.000000000,1.000000000,0.000000000,-0.000000000,0.000000000,1.000000000}", "T": "{-86.000,-86.000,-86.000}", "sco": "34.754", "zsco": "7.747558", "Overlap": "0.3198,63/197", "CC": "0.547654", "PCC": "0.205323", "Score": "34.8", "Std": "2.544597", "Ave": "15.039142"}, "J121_class_00_final_volume_FMN": {"R": "{95.0,270.0,150.0}", "MTX": "{0.000000849,0.906307411,0.422619068,-0.000000490,-0.422619068,0.906307411,1.000000000,-0.000000977,0.000000085}", "T": "{-121.288,-41.597,-86.000}", "sco": "69.190", "zsco": "6.662456", "Overlap": "0.4318,95/220", "CC": "0.710015", "PCC": "0.395004", "Score": "69.2", "Std": "5.918776", "Ave": "29.756134"}, "J121_class_00_final_volume_SAMIV": {"R": "{335.0,0.0,5.0}", "MTX": "{0.996194700,-0.078989867,-0.036833697,0.087155725,0.902858502,0.421011171,-0.000000000,-0.422619364,0.906307273}", "T": "{-75.712,-135.348,-48.597}", "sco": "23.034", "zsco": "5.004484", "Overlap": "0.2088,38/182", "CC": "0.362930", "PCC": "0.143357", "Score": "23.0", "Std": "2.054586", "Ave": "12.751998"}, "J121_class_01_final_volume_FMN": {"R": "{270.0,115.0,35.0}", "MTX": "{-0.346188334,-0.742403525,-0.573577060,-0.242403615,-0.519837601,0.819151608,-0.906307964,0.422617883,0.000000414}", "T": "{156.947,2.106,41.597}", "sco": "61.359", "zsco": "5.112888", "Overlap": "0.2481,97/391", "CC": "0.572934", "PCC": "0.238608", "Score": "61.4", "Std": "4.705190", "Ave": "37.302051"}, "J121_class_01_final_volume_SAMIV": {"R": "{90.0,300.0,5.0}", "MTX": "{0.498096410,-0.862730488,0.087155443,0.043577780,-0.075478794,-0.996194724,0.866025948,0.499999057,0.000000163}", "T": "{23.863,95.416,-138.478}", "sco": "25.809", "zsco": "4.629167", "Overlap": "0.1329,42/316", "CC": "0.321783", "PCC": "0.036966", "Score": "25.8", "Std": "2.137148", "Ave": "15.915928"}, "J121_class_02_final_volume_FMN": {"R": "{300.0,55.0,90.0}", "MTX": "{0.000000187,-0.499999288,-0.866025815,0.573576600,-0.709406663,0.409575475,-0.819151930,-0.496732219,0.286787759}", "T": "{131.478,-30.542,88.502}", "sco": "60.795", "zsco": "4.292062", "Overlap": "0.2680,97/362", "CC": "0.617945", "PCC": "0.308571", "Score": "60.8", "Std": "5.541373", "Ave": "37.010773"}, "J121_class_02_final_volume_SAMIV": {"R": "{355.0,145.0,25.0}", "MTX": "{-0.742403634,-0.466317407,0.481024864,-0.346188418,0.881731736,0.320472659,-0.573576868,0.071394830,-0.816034531}", "T": "{62.582,-73.617,120.367}", "sco": "27.640", "zsco": "4.850942", "Overlap": "0.1661,51/307", "CC": "0.417382", "PCC": "0.203800", "Score": "27.6", "Std": "2.397767", "Ave": "16.008881"}, "J121_class_03_final_volume_FMN": {"R": "{205.0,95.0,125.0}", "MTX": "{0.049990251,0.983885292,0.171670344,-0.071393546,0.174965804,-0.981982652,-0.996194728,0.036833404,0.078989644}", "T": "{-103.677,82.543,75.712}", "sco": "68.451", "zsco": "4.761452", "Overlap": "0.3088,109/353", "CC": "0.713749", "PCC": "0.401257", "Score": "68.5", "Std": "6.166337", "Ave": "39.089847"}, "J121_class_03_final_volume_SAMIV": {"R": "{0.0,150.0,0.0}", "MTX": "{-0.866025131,0.000000000,0.500000472,-0.000000000,1.000000000,0.000000000,-0.500000472,-0.000000000,-0.866025131}", "T": "{31.478,-86.000,117.478}", "sco": "32.456", "zsco": "6.495774", "Overlap": "0.1774,55/310", "CC": "0.459227", "PCC": "0.159696", "Score": "32.5", "Std": "2.446916", "Ave": "16.561209"}, "J121_class_04_final_volume_FMN": {"R": "{85.0,180.0,5.0}", "MTX": "{-0.996194700,-0.007595500,0.086824125,-0.087155725,0.086824452,-0.992403846,-0.000000654,-0.996194671,-0.087156050}", "T": "{78.859,85.375,100.168}", "sco": "50.799", "zsco": "5.141759", "Overlap": "0.3577,88/246", "CC": "0.629418", "PCC": "0.283683", "Score": "50.8", "Std": "4.660630", "Ave": "26.835619"}, "J121_class_04_final_volume_SAMIV": {"R": "{175.0,180.0,5.0}", "MTX": "{-0.996194700,0.086824123,0.007595528,-0.087155725,-0.992403818,-0.086824776,-0.000000654,-0.087156376,0.996194643}", "T": "{77.553,107.309,-78.177}", "sco": "39.634", "zsco": "10.787860", "Overlap": "0.2487,49/197", "CC": "0.526111", "PCC": "0.250000", "Score": "39.6", "Std": "2.433345", "Ave": "13.383593"}, "J121_class_00_axis_flipped_final_volume_FMN": {"R": "{275.0,205.0,155.0}", "MTX": "{0.821393874,-0.418397263,-0.387628473,-0.383022817,0.098937485,-0.918425226,0.422617587,0.902859405,-0.078989054}", "T": "{-8.322,110.416,-107.198}", "sco": "60.127", "zsco": "5.561058", "Overlap": "0.3814,90/236", "CC": "0.615642", "PCC": "0.226365", "Score": "60.1", "Std": "5.569506", "Ave": "29.154673"}, "J121_class_00_axis_flipped_final_volume_SAMIV": {"R": "{270.0,205.0,0.0}", "MTX": "{-0.906308102,0.422617587,0.000000414,-0.000000000,-0.000000980,1.000000000,0.422617587,0.906308102,0.000000889}", "T": "{48.597,-79.000,-121.288}", "sco": "23.543", "zsco": "5.176397", "Overlap": "0.2443,43/176", "CC": "0.436049", "PCC": "0.103799", "Score": "23.5", "Std": "2.105265", "Ave": "12.645352"}, "J121_class_01_axis_flipped_final_volume_FMN": {"R": "{60.0,60.0,95.0}", "MTX": "{-0.043577716,-0.563464085,0.824990429,0.498097552,0.703568142,0.506843860,-0.866025295,0.433012811,0.250000189}", "T": "{-11.744,-160.932,15.739}", "sco": "64.920", "zsco": "5.615677", "Overlap": "0.2623,101/385", "CC": "0.629338", "PCC": "0.298327", "Score": "64.9", "Std": "4.812492", "Ave": "37.894610"}, "J121_class_01_axis_flipped_final_volume_SAMIV": {"R": "{120.0,120.0,35.0}", "MTX": "{-0.409575749,0.901152347,0.142028707,-0.286787950,0.020606716,-0.957772434,-0.866025622,-0.433012484,0.249999623}", "T": "{-54.490,112.260,83.217}", "sco": "26.928", "zsco": "5.203679", "Overlap": "0.1329,44/331", "CC": "0.399072", "PCC": "0.158032", "Score": "26.9", "Std": "2.069491", "Ave": "16.159102"}, "J121_class_02_axis_flipped_final_volume_FMN": {"R": "{95.0,240.0,115.0}", "MTX": "{0.211309261,0.443594551,0.870960545,-0.453154666,-0.745065193,0.489416701,0.866024968,-0.498098116,0.043577765}", "T": "{-138.224,60.957,-35.389}", "sco": "69.183", "zsco": "5.412346", "Overlap": "0.3109,106/341", "CC": "0.727156", "PCC": "0.394152", "Score": "69.2", "Std": "5.894238", "Ave": "37.281459"}, "J121_class_02_axis_flipped_final_volume_SAMIV": {"R": "{5.0,5.0,0.0}", "MTX": "{0.996194700,0.007596120,0.086824071,0.000000000,0.996194700,-0.087155725,-0.087155725,0.086824071,0.992403880}", "T": "{-93.793,-71.177,-85.318}", "sco": "27.668", "zsco": "4.911934", "Overlap": "0.1623,49/302", "CC": "0.437365", "PCC": "0.136199", "Score": "27.7", "Std": "2.351949", "Ave": "16.115459"}, "J121_class_03_axis_flipped_final_volume_FMN": {"R": "{55.0,90.0,65.0}", "MTX": "{0.000000138,-0.173648142,0.984807759,0.000000296,0.984807759,0.173648142,-1.000000000,0.000000268,0.000000187}", "T": "{-69.760,-106.627,86.000}", "sco": "62.738", "zsco": "4.229453", "Overlap": "0.3051,108/354", "CC": "0.752799", "PCC": "0.347083", "Score": "62.7", "Std": "5.657390", "Ave": "38.810621"}, "J121_class_03_axis_flipped_final_volume_SAMIV": {"R": "{25.0,210.0,90.0}", "MTX": "{-0.000000283,-0.906307894,0.422618031,-0.866025785,-0.211308514,-0.453153452,0.499999340,-0.365998241,-0.784885946}", "T": "{41.597,131.622,55.976}", "sco": "31.557", "zsco": "6.158156", "Overlap": "0.1672,53/317", "CC": "0.504027", "PCC": "0.205967", "Score": "31.6", "Std": "2.443189", "Ave": "16.511515"}, "J121_class_04_axis_flipped_final_volume_FMN": {"R": "{295.0,355.0,355.0}", "MTX": "{0.992403653,0.115524604,0.042297234,-0.086825358,0.414124425,0.906069709,0.087157027,-0.902859361,0.421009057}", "T": "{-105.919,-113.070,40.944}", "sco": "53.185", "zsco": "5.694950", "Overlap": "0.3924,93/237", "CC": "0.640126", "PCC": "0.311188", "Score": "53.2", "Std": "4.532182", "Ave": "27.374733"}, "J121_class_04_axis_flipped_final_volume_SAMIV": {"R": "{175.0,0.0,30.0}", "MTX": "{0.866025458,0.498097227,0.043578180,0.499999906,-0.862729922,-0.075479640,-0.000000000,0.087156376,-0.996194643}", "T": "{-121.062,37.686,78.177}", "sco": "26.479", "zsco": "5.580989", "Overlap": "0.2437,48/197", "CC": "0.504697", "PCC": "0.215103", "Score": "26.5", "Std": "2.267994", "Ave": "13.821808"}, "J122_class_00_final_volume_FMN": {"R": "{55.0,235.0,115.0}", "MTX": "{0.242403955,-0.236256393,0.940969308,-0.519837525,-0.850545052,-0.079637065,0.819151555,-0.469846817,-0.328990423}", "T": "{-81.452,131.702,-1.747}", "sco": "61.422", "zsco": "4.815013", "Overlap": "0.2853,105/368", "CC": "0.683743", "PCC": "0.365459", "Score": "61.4", "Std": "4.951052", "Ave": "37.583016"}, "J122_class_00_final_volume_SAMIV": {"R": "{155.0,5.0,120.0}", "MTX": "{-0.498096974,0.766468750,0.405493600,0.862730134,0.485052313,0.142901957,-0.087155725,0.421010580,-0.902858777}", "T": "{-64.952,-135.199,55.934}", "sco": "29.405", "zsco": "6.171958", "Overlap": "0.1667,49/294", "CC": "0.504464", "PCC": "0.202261", "Score": "29.4", "Std": "2.190540", "Ave": "15.884599"}, "J122_class_01_final_volume_FMN": {"R": "{245.0,175.0,355.0}", "MTX": "{-0.992403709,-0.115524099,0.042297282,0.086825363,-0.414126253,0.906068873,-0.087156376,0.902858588,0.421010851}", "T": "{91.644,-56.774,-106.357}", "sco": "45.988", "zsco": "4.195461", "Overlap": "0.3950,94/238", "CC": "0.641176", "PCC": "0.302764", "Score": "46.0", "Std": "4.542694", "Ave": "26.929295"}, "J122_class_01_final_volume_SAMIV": {"R": "{0.0,185.0,5.0}", "MTX": "{-0.992403936,-0.087155725,-0.086823422,-0.086824076,0.996194700,-0.007596064,0.087155074,-0.000000000,-0.996194757}", "T": "{107.309,-77.553,78.177}", "sco": "26.752", "zsco": "5.624845", "Overlap": "0.2784,54/194", "CC": "0.496620", "PCC": "0.241784", "Score": "26.8", "Std": "2.352836", "Ave": "13.517909"}, "J122_class_02_final_volume_FMN": {"R": "{325.0,270.0,120.0}", "MTX": "{0.000000490,-0.996194557,-0.087157352,-0.000000849,0.087157352,-0.996194557,1.000000000,0.000000562,-0.000000803}", "T": "{100.168,78.177,-93.000}", "sco": "80.688", "zsco": "8.368248", "Overlap": "0.5765,113/196", "CC": "0.806552", "PCC": "0.494418", "Score": "80.7", "Std": "6.266014", "Ave": "28.252523"}, "J122_class_02_final_volume_SAMIV": {"R": "{335.0,5.0,85.0}", "MTX": "{0.086824395,-0.906068755,-0.414126714,0.992403851,0.042296630,0.115523119,-0.087155725,-0.421011171,0.902858502}", "T": "{113.070,-105.919,-33.943}", "sco": "25.043", "zsco": "5.963547", "Overlap": "0.2486,44/177", "CC": "0.443617", "PCC": "0.174010", "Score": "25.0", "Std": "2.037951", "Ave": "12.889312"}, "J122_class_00_axis_flipped_final_volume_FMN": {"R": "{300.0,60.0,90.0}", "MTX": "{0.000000163,-0.499999302,-0.866025807,0.500000189,-0.750000214,0.433012113,-0.866025295,-0.433013138,0.249999623}", "T": "{124.478,-15.739,97.217}", "sco": "59.902", "zsco": "4.677853", "Overlap": "0.2617,95/363", "CC": "0.672396", "PCC": "0.355728", "Score": "59.9", "Std": "4.777646", "Ave": "37.553292"}, "J122_class_00_axis_flipped_final_volume_SAMIV": {"R": "{355.0,150.0,25.0}", "MTX": "{-0.784885354,-0.460505527,0.414595756,-0.365997964,0.884441859,0.289496265,-0.500000472,0.075480176,-0.862729547}", "T": "{71.448,-69.483,110.703}", "sco": "26.643", "zsco": "4.544994", "Overlap": "0.1599,51/319", "CC": "0.456598", "PCC": "0.144727", "Score": "26.6", "Std": "2.290934", "Ave": "16.230530"}, "J122_class_01_axis_flipped_final_volume_FMN": {"R": "{115.0,185.0,125.0}", "MTX": "{0.571393468,0.391494806,0.721277562,-0.816035231,0.177699205,0.550008632,0.087155074,-0.902859241,0.421009719}", "T": "{-151.838,0.596,26.944}", "sco": "48.983", "zsco": "5.318620", "Overlap": "0.3306,81/245", "CC": "0.610939", "PCC": "0.301924", "Score": "49.0", "Std": "4.244191", "Ave": "26.409998"}, "J122_class_01_axis_flipped_final_volume_SAMIV": {"R": "{0.0,0.0,0.0}", "MTX": "{1.000000000,0.000000000,0.000000000,0.000000000,1.000000000,0.000000000,-0.000000000,0.000000000,1.000000000}", "T": "{-86.000,-86.000,-86.000}", "sco": "60.442", "zsco": "16.719699", "Overlap": "0.4107,69/168", "CC": "0.669000", "PCC": "0.431317", "Score": "60.4", "Std": "2.822610", "Ave": "13.248760"}, "J122_class_02_axis_flipped_final_volume_FMN": {"R": "{90.0,205.0,150.0}", "MTX": "{0.784885593,0.365997288,0.500000591,-0.453154478,-0.211309276,0.866025062,0.422617587,-0.906308102,-0.000000296}", "T": "{-155.976,-17.334,48.597}", "sco": "60.399", "zsco": "6.200909", "Overlap": "0.4384,96/219", "CC": "0.675170", "PCC": "0.227115", "Score": "60.4", "Std": "5.134678", "Ave": "28.559776"}, "J122_class_02_axis_flipped_final_volume_SAMIV": {"R": "{90.0,215.0,0.0}", "MTX": "{-0.819152492,-0.573575797,-0.000000187,-0.000000000,0.000000327,-1.000000000,0.573575797,-0.819152492,-0.000000268}", "T": "{126.775,93.000,21.120}", "sco": "24.644", "zsco": "5.494914", "Overlap": "0.2381,45/189", "CC": "0.428889", "PCC": "0.105524", "Score": "24.6", "Std": "2.094112", "Ave": "13.137178"}, "J123_class_00_final_volume_FMN": {"R": "{65.0,55.0,85.0}", "MTX": "{0.049990671,-0.356305300,0.933031332,0.571393952,0.776412358,0.265881180,-0.819151930,0.519836882,0.242404068}", "T": "{-53.898,-145.777,4.894}", "sco": "58.151", "zsco": "4.040305", "Overlap": "0.2627,93/354", "CC": "0.665011", "PCC": "0.397381", "Score": "58.2", "Std": "5.601102", "Ave": "35.520436"}, "J123_class_00_final_volume_SAMIV": {"R": "{175.0,0.0,5.0}", "MTX": "{0.996194700,0.086824066,0.007596177,0.087155725,-0.992403823,-0.086824720,-0.000000000,0.087156376,-0.996194643}", "T": "{-100.793,92.318,85.177}", "sco": "26.234", "zsco": "4.584341", "Overlap": "0.1611,48/298", "CC": "0.475465", "PCC": "0.201213", "Score": "26.2", "Std": "2.366354", "Ave": "15.386288"}, "J123_class_01_final_volume_FMN": {"R": "{215.0,265.0,155.0}", "MTX": "{0.078990776,-0.171668678,-0.981982852,-0.036834058,0.983885546,-0.174964238,0.996194614,0.049990974,0.071394629}", "T": "{99.421,-66.400,-103.112}", "sco": "62.204", "zsco": "4.742717", "Overlap": "0.2918,103/353", "CC": "0.693117", "PCC": "0.353846", "Score": "62.2", "Std": "5.154299", "Ave": "37.758354"}, "J123_class_01_final_volume_SAMIV": {"R": "{355.0,215.0,60.0}", "MTX": "{-0.409576401,-0.837734120,-0.361176849,-0.709406778,0.541391091,-0.451262351,0.573575797,0.071394896,-0.816035277}", "T": "{138.330,53.258,21.712}", "sco": "28.278", "zsco": "5.230969", "Overlap": "0.1508,46/305", "CC": "0.484082", "PCC": "0.148934", "Score": "28.3", "Std": "2.244955", "Ave": "16.534316"}, "J123_class_02_final_volume_FMN": {"R": "{300.0,0.0,30.0}", "MTX": "{0.866025458,-0.249999481,-0.433012893,0.499999906,0.433011912,0.750000519,-0.000000000,-0.866025948,0.499999057}", "T": "{-8.739,-151.739,31.478}", "sco": "46.187", "zsco": "4.452746", "Overlap": "0.3137,80/255", "CC": "0.558659", "PCC": "0.233337", "Score": "46.2", "Std": "4.366130", "Ave": "26.745551"}, "J123_class_02_final_volume_SAMIV": {"R": "{5.0,180.0,5.0}", "MTX": "{-0.996194700,-0.086824014,0.007596769,-0.087155725,0.992403885,-0.086824014,-0.000000654,-0.087155725,-0.996194700}", "T": "{99.486,-70.384,100.168}", "sco": "36.702", "zsco": "9.558400", "Overlap": "0.3441,64/186", "CC": "0.631004", "PCC": "0.357693", "Score": "36.7", "Std": "2.434869", "Ave": "13.428116"}, "J123_class_03_final_volume_FMN": {"R": "{355.0,85.0,85.0}", "MTX": "{0.007596177,-0.999971094,-0.000331376,0.086824393,0.000329419,0.996223577,-0.996194671,-0.007596262,0.086824385}", "T": "{85.373,-100.170,78.859}", "sco": "51.499", "zsco": "4.521735", "Overlap": "0.4045,89/220", "CC": "0.708459", "PCC": "0.336551", "Score": "51.5", "Std": "5.226015", "Ave": "27.868820"}, "J123_class_03_final_volume_SAMIV": {"R": "{275.0,25.0,355.0}", "MTX": "{0.902858949,-0.411811760,0.123518391,-0.078991095,0.123517070,0.989193581,-0.422618179,-0.902859129,0.078989030}", "T": "{-52.853,-88.900,107.198}", "sco": "22.641", "zsco": "5.166649", "Overlap": "0.2339,40/171", "CC": "0.399902", "PCC": "0.165246", "Score": "22.6", "Std": "1.997563", "Ave": "12.320096"}, "J123_class_00_axis_flipped_final_volume_FMN": {"R": "{155.0,265.0,65.0}", "MTX": "{-0.036834032,0.643466664,0.764587409,-0.078990788,-0.764587408,0.639661279,0.996194614,-0.036834058,0.078990776}", "T": "{-117.925,10.537,-96.298}", "sco": "61.420", "zsco": "4.605662", "Overlap": "0.2812,97/345", "CC": "0.701378", "PCC": "0.349604", "Score": "61.4", "Std": "5.592897", "Ave": "35.660599"}, "J123_class_00_axis_flipped_final_volume_SAMIV": {"R": "{205.0,330.0,25.0}", "MTX": "{0.784885057,0.574533491,0.232092039,0.365997826,-0.732091002,0.574533164,0.500001038,-0.365997313,-0.784885297}", "T": "{-150.870,-10.926,55.976}", "sco": "28.210", "zsco": "5.514551", "Overlap": "0.1531,45/294", "CC": "0.419660", "PCC": "0.064542", "Score": "28.2", "Std": "2.309109", "Ave": "15.476431"}, "J123_class_01_axis_flipped_final_volume_FMN": {"R": "{275.0,145.0,155.0}", "MTX": "{0.742403408,0.481025721,-0.466316883,-0.346188903,-0.320470957,-0.881732164,-0.573576868,0.816034694,-0.071392964}", "T": "{-72.112,140.162,-14.712}", "sco": "61.431", "zsco": "4.617575", "Overlap": "0.3048,107/351", "CC": "0.685069", "PCC": "0.308578", "Score": "61.4", "Std": "5.124375", "Ave": "37.769136"}, "J123_class_01_axis_flipped_final_volume_SAMIV": {"R": "{115.0,355.0,25.0}", "MTX": "{0.902858949,0.107015742,0.416405271,0.421009942,-0.416404973,-0.805827232,0.087157027,0.902859086,-0.421009647}", "T": "{-129.660,68.905,-48.935}", "sco": "31.815", "zsco": "6.613772", "Overlap": "0.1763,52/295", "CC": "0.444344", "PCC": "0.156068", "Score": "31.8", "Std": "2.314569", "Ave": "16.506725"}, "J123_class_02_axis_flipped_final_volume_FMN": {"R": "{120.0,0.0,0.0}", "MTX": "{1.000000000,0.000000000,0.000000000,0.000000000,-0.499999623,-0.866025622,-0.000000000,0.866025622,-0.499999623}", "T": "{-86.000,117.478,-31.478}", "sco": "53.030", "zsco": "5.843231", "Overlap": "0.3849,92/239", "CC": "0.648841", "PCC": "0.319922", "Score": "53.0", "Std": "4.481671", "Ave": "26.842731"}, "J123_class_02_axis_flipped_final_volume_SAMIV": {"R": "{0.0,0.0,0.0}", "MTX": "{1.000000000,0.000000000,0.000000000,0.000000000,1.000000000,0.000000000,-0.000000000,0.000000000,1.000000000}", "T": "{-86.000,-86.000,-86.000}", "sco": "28.514", "zsco": "6.417610", "Overlap": "0.3011,56/186", "CC": "0.502498", "PCC": "0.176618", "Score": "28.5", "Std": "2.301085", "Ave": "13.746772"}, "J123_class_03_axis_flipped_final_volume_FMN": {"R": "{85.0,85.0,155.0}", "MTX": "{-0.078990186,-0.936256859,0.342320966,0.036833783,0.340418299,0.939552369,-0.996194671,0.086824393,0.007596177}", "T": "{57.872,-120.245,77.553}", "sco": "78.149", "zsco": "8.300680", "Overlap": "0.5392,110/204", "CC": "0.789394", "PCC": "0.492938", "Score": "78.1", "Std": "5.964849", "Ave": "28.636418"}, "J123_class_03_axis_flipped_final_volume_SAMIV": {"R": "{265.0,30.0,0.0}", "MTX": "{0.866025458,-0.498097213,-0.043578342,0.000000000,-0.087156701,0.996194614,-0.499999906,-0.862729897,-0.075479922}", "T": "{-27.894,-85.177,123.686}", "sco": "25.213", "zsco": "5.838223", "Overlap": "0.2597,47/181", "CC": "0.475148", "PCC": "0.257114", "Score": "25.2", "Std": "2.119194", "Ave": "12.840857"}, "J124_class_00_final_volume_FMN": {"R": "{265.0,55.0,120.0}", "MTX": "{-0.286788084,0.483496999,-0.827032797,0.496732032,-0.663128676,-0.559926467,-0.819151930,-0.571393920,-0.049991044}", "T": "{54.208,55.464,130.886}", "sco": "61.930", "zsco": "4.568960", "Overlap": "0.2887,97/336", "CC": "0.685474", "PCC": "0.322020", "Score": "61.9", "Std": "5.468179", "Ave": "36.946194"}, "J124_class_00_final_volume_SAMIV": {"R": "{125.0,0.0,0.0}", "MTX": "{1.000000000,0.000000000,0.000000000,0.000000000,-0.573576065,-0.819152305,-0.000000000,0.819152305,-0.573576065}", "T": "{-86.000,119.775,-35.120}", "sco": "27.924", "zsco": "5.174587", "Overlap": "0.1638,47/287", "CC": "0.395487", "PCC": "0.101765", "Score": "27.9", "Std": "2.344337", "Ave": "15.792540"}, "J124_class_01_final_volume_FMN": {"R": "{325.0,305.0,30.0}", "MTX": "{0.496731010,-0.002675739,-0.867900423,0.286787710,0.944329627,0.161227678,0.819152680,-0.328989962,0.469845179}", "T": "{32.151,-119.742,-82.561}", "sco": "60.988", "zsco": "5.854956", "Overlap": "0.4267,99/232", "CC": "0.704947", "PCC": "0.292419", "Score": "61.0", "Std": "5.349923", "Ave": "29.664496"}, "J124_class_01_final_volume_SAMIV": {"R": "{335.0,355.0,5.0}", "MTX": "{0.992403766,-0.042295785,-0.115524160,0.086824061,0.906068817,0.414126649,0.087157027,-0.421011122,0.902858398}", "T": "{-71.774,-128.004,-55.934}", "sco": "24.901", "zsco": "5.281438", "Overlap": "0.2554,47/184", "CC": "0.443423", "PCC": "0.055434", "Score": "24.9", "Std": "2.211921", "Ave": "13.218866"}, "J124_class_02_final_volume_FMN": {"R": "{330.0,270.0,60.0}", "MTX": "{-0.000000490,-0.499998774,-0.866026112,-0.000000849,0.866026112,-0.499998774,1.000000000,0.000000490,-0.000000849}", "T": "{124.478,-38.478,-93.000}", "sco": "61.191", "zsco": "4.630316", "Overlap": "0.2973,99/333", "CC": "0.689255", "PCC": "0.338888", "Score": "61.2", "Std": "5.574147", "Ave": "35.380632"}, "J124_class_02_final_volume_SAMIV": {"R": "{0.0,0.0,0.0}", "MTX": "{1.000000000,0.000000000,0.000000000,0.000000000,1.000000000,0.000000000,-0.000000000,0.000000000,1.000000000}", "T": "{-86.000,-86.000,-93.000}", "sco": "25.154", "zsco": "4.481355", "Overlap": "0.1608,46/286", "CC": "0.407458", "PCC": "0.134431", "Score": "25.2", "Std": "2.243442", "Ave": "15.100163"}, "J124_class_03_final_volume_FMN": {"R": "{125.0,245.0,85.0}", "MTX": "{-0.036833809,0.506688436,0.861342034,-0.421010863,-0.789569338,0.446464011,0.906307411,-0.346189384,0.242404182}", "T": "{-114.483,58.714,-76.017}", "sco": "54.923", "zsco": "4.007614", "Overlap": "0.2176,84/386", "CC": "0.600777", "PCC": "0.315539", "Score": "54.9", "Std": "4.923917", "Ave": "35.189512"}, "J124_class_03_final_volume_SAMIV": {"R": "{215.0,205.0,65.0}", "MTX": "{-0.383022548,0.844848280,-0.373530604,-0.821394000,-0.126497076,0.556156801,0.422617587,0.519836392,0.742404540}", "T": "{-0.593,26.689,-151.898}", "sco": "25.876", "zsco": "5.052099", "Overlap": "0.1678,51/304", "CC": "0.424894", "PCC": "0.198398", "Score": "25.9", "Std": "2.111490", "Ave": "15.208460"}, "J124_class_04_final_volume_FMN": {"R": "{240.0,175.0,355.0}", "MTX": "{-0.992403709,-0.118770946,0.032067741,0.086825363,-0.491519467,0.866527535,-0.087156376,0.862729434,0.498098073}", "T": "{92.803,-46.718,-109.536}", "sco": "48.643", "zsco": "4.326867", "Overlap": "0.3967,96/242", "CC": "0.650006", "PCC": "0.283387", "Score": "48.6", "Std": "4.803255", "Ave": "27.859996"}, "J124_class_04_final_volume_SAMIV": {"R": "{0.0,185.0,5.0}", "MTX": "{-0.992403936,-0.087155725,-0.086823422,-0.086824076,0.996194700,-0.007596064,0.087155074,-0.000000000,-0.996194757}", "T": "{107.309,-77.553,78.177}", "sco": "30.870", "zsco": "6.851940", "Overlap": "0.3010,59/196", "CC": "0.534662", "PCC": "0.236008", "Score": "30.9", "Std": "2.450502", "Ave": "14.078990"}, "J124_class_00_axis_flipped_final_volume_FMN": {"R": "{25.0,55.0,95.0}", "MTX": "{-0.049990297,-0.933031274,0.356305503,0.571393985,0.265881536,0.776412212,-0.819151930,0.242403898,0.519836961}", "T": "{60.898,-152.777,4.894}", "sco": "63.004", "zsco": "4.621096", "Overlap": "0.3024,101/334", "CC": "0.649217", "PCC": "0.289839", "Score": "63.0", "Std": "5.685593", "Ave": "36.730645"}, "J124_class_00_axis_flipped_final_volume_SAMIV": {"R": "{155.0,330.0,25.0}", "MTX": "{0.784885057,0.191510299,0.589304040,0.365997826,-0.910696997,-0.191511279,0.500001038,0.365998339,-0.784884818}", "T": "{-141.650,63.314,-13.976}", "sco": "27.063", "zsco": "5.121838", "Overlap": "0.1713,49/286", "CC": "0.414598", "PCC": "0.137977", "Score": "27.1", "Std": "2.211166", "Ave": "15.737964"}, "J124_class_01_axis_flipped_final_volume_FMN": {"R": "{235.0,65.0,120.0}", "MTX": "{-0.211309078,0.867933891,-0.449487747,0.365998428,-0.356151973,-0.859767947,-0.906307687,-0.346188581,-0.242404295}", "T": "{-17.814,73.093,135.561}", "sco": "67.989", "zsco": "6.353870", "Overlap": "0.4521,99/219", "CC": "0.759322", "PCC": "0.400651", "Score": "68.0", "Std": "6.089715", "Ave": "29.295630"}, "J124_class_01_axis_flipped_final_volume_SAMIV": {"R": "{30.0,5.0,85.0}", "MTX": "{0.086824395,-0.858931873,0.504675700,0.992403851,0.118891384,0.031613837,-0.087155725,0.498097256,0.862729971}", "T": "{29.999,-105.290,-109.536}", "sco": "24.521", "zsco": "5.706094", "Overlap": "0.2216,41/185", "CC": "0.441141", "PCC": "0.155381", "Score": "24.5", "Std": "2.043329", "Ave": "12.861820"}, "J124_class_02_axis_flipped_final_volume_FMN": {"R": "{205.0,265.0,30.0}", "MTX": "{-0.075479922,0.817758793,0.570590342,-0.043578342,-0.574381247,0.817427129,0.996194614,0.036833955,0.078990825}", "T": "{-112.907,-24.154,-102.634}", "sco": "59.140", "zsco": "4.903205", "Overlap": "0.3121,103/330", "CC": "0.754471", "PCC": "0.435619", "Score": "59.1", "Std": "4.937061", "Ave": "34.932718"}, "J124_class_02_axis_flipped_final_volume_SAMIV": {"R": "{240.0,145.0,35.0}", "MTX": "{-0.671009884,-0.120110379,-0.731655132,-0.469846052,-0.694490332,0.544910880,-0.573576868,0.709405861,0.409576489}", "T": "{137.959,60.271,-60.905}", "sco": "27.080", "zsco": "5.462724", "Overlap": "0.1449,41/283", "CC": "0.359895", "PCC": "0.124552", "Score": "27.1", "Std": "2.193440", "Ave": "15.097941"}, "J124_class_03_axis_flipped_final_volume_FMN": {"R": "{55.0,25.0,155.0}", "MTX": "{-0.821393624,-0.556157487,0.126496499,0.383022700,-0.373531045,0.844848016,-0.422618179,0.742403804,0.519836961}", "T": "{107.591,-80.473,-72.208}", "sco": "55.855", "zsco": "4.265636", "Overlap": "0.2441,93/381", "CC": "0.639825", "PCC": "0.371110", "Score": "55.9", "Std": "4.831563", "Ave": "35.245364"}, "J124_class_03_axis_flipped_final_volume_SAMIV": {"R": "{0.0,180.0,60.0}", "MTX": "{-0.500000189,-0.866025295,0.000000327,-0.866025295,0.500000189,0.000000566,-0.000000654,-0.000000000,-1.000000000}", "T": "{117.478,31.478,93.000}", "sco": "27.956", "zsco": "5.610419", "Overlap": "0.1613,50/310", "CC": "0.461022", "PCC": "0.203255", "Score": "28.0", "Std": "2.274393", "Ave": "15.195946"}, "J124_class_04_axis_flipped_final_volume_FMN": {"R": "{55.0,175.0,30.0}", "MTX": "{-0.862729922,-0.224958953,0.452869243,-0.498097227,0.532429088,-0.684411001,-0.087156376,-0.816034764,-0.571393936}", "T": "{61.594,62.907,133.814}", "sco": "52.876", "zsco": "5.462477", "Overlap": "0.3704,90/243", "CC": "0.594335", "PCC": "0.218796", "Score": "52.9", "Std": "4.554508", "Ave": "27.997600"}, "J124_class_04_axis_flipped_final_volume_SAMIV": {"R": "{0.0,0.0,0.0}", "MTX": "{1.000000000,0.000000000,0.000000000,0.000000000,1.000000000,0.000000000,-0.000000000,0.000000000,1.000000000}", "T": "{-86.000,-86.000,-86.000}", "sco": "64.043", "zsco": "16.732573", "Overlap": "0.4162,72/173", "CC": "0.680462", "PCC": "0.448366", "Score": "64.0", "Std": "2.998556", "Ave": "13.869712"}, "J125_class_00_final_volume_FMN": {"R": "{265.0,265.0,90.0}", "MTX": "{-0.000000028,0.087157026,-0.996194586,-0.087156701,0.992403681,0.086825362,0.996194614,0.086825036,0.007596291}", "T": "{85.177,-92.318,-100.793}", "sco": "64.753", "zsco": "5.575574", "Overlap": "0.2869,105/366", "CC": "0.738718", "PCC": "0.385924", "Score": "64.8", "Std": "4.883105", "Ave": "37.526853"}, "J125_class_00_final_volume_SAMIV": {"R": "{330.0,175.0,5.0}", "MTX": "{-0.992403823,-0.118891469,0.031614408,-0.086824066,0.858931224,0.504676861,-0.087156376,0.498098355,-0.862729271}", "T": "{92.853,-109.803,38.854}", "sco": "28.487", "zsco": "5.042151", "Overlap": "0.1636,53/324", "CC": "0.461207", "PCC": "0.198942", "Score": "28.5", "Std": "2.388193", "Ave": "16.445502"}, "J125_class_01_final_volume_FMN": {"R": "{295.0,325.0,25.0}", "MTX": "{0.742403294,0.292527431,-0.602714734,0.346188260,0.602714316,0.718950028,0.573577403,-0.742403634,0.346187532}", "T": "{-37.171,-143.435,-15.253}", "sco": "44.772", "zsco": "4.136248", "Overlap": "0.3375,81/240", "CC": "0.576591", "PCC": "0.169284", "Score": "44.8", "Std": "4.440564", "Ave": "26.404707"}, "J125_class_01_final_volume_SAMIV": {"R": "{85.0,5.0,5.0}", "MTX": "{0.992403880,0.078897528,0.094391312,0.086824071,0.094391610,-0.991741803,-0.087155725,0.992403851,0.086824395}", "T": "{-107.250,76.705,-92.318}", "sco": "25.167", "zsco": "4.864498", "Overlap": "0.2268,44/194", "CC": "0.416576", "PCC": "0.151311", "Score": "25.2", "Std": "2.392777", "Ave": "13.527255"}, "J125_class_02_final_volume_FMN": {"R": "{90.0,205.0,150.0}", "MTX": "{0.784885593,0.365997288,0.500000591,-0.453154478,-0.211309276,0.866025062,0.422617587,-0.906308102,-0.000000296}", "T": "{-155.976,-17.334,48.597}", "sco": "62.785", "zsco": "6.047539", "Overlap": "0.4329,100/231", "CC": "0.708715", "PCC": "0.225200", "Score": "62.8", "Std": "5.336766", "Ave": "30.510378"}, "J125_class_02_final_volume_SAMIV": {"R": "{85.0,205.0,5.0}", "MTX": "{-0.902859327,-0.427003470,0.050130552,-0.078989939,0.050131017,-0.995614117,0.422617587,-0.902859301,-0.078990234}", "T": "{117.057,102.105,48.094}", "sco": "26.087", "zsco": "5.833425", "Overlap": "0.2356,45/191", "CC": "0.399199", "PCC": "0.081201", "Score": "26.1", "Std": "2.137215", "Ave": "13.619644"}, "J125_class_00_axis_flipped_final_volume_FMN": {"R": "{300.0,275.0,0.0}", "MTX": "{0.087154748,0.862730534,-0.498096453,0.000000000,0.499999057,0.866025948,0.996194785,-0.075478273,0.043577292}", "T": "{-31.854,-117.478,-89.929}", "sco": "62.123", "zsco": "5.316911", "Overlap": "0.2697,96/356", "CC": "0.625260", "PCC": "0.318061", "Score": "62.1", "Std": "4.850740", "Ave": "36.332466"}, "J125_class_00_axis_flipped_final_volume_SAMIV": {"R": "{145.0,0.0,65.0}", "MTX": "{0.422618476,0.742403521,0.519837124,0.906307687,-0.346188661,-0.242404181,-0.000000000,0.573576868,-0.819151742}", "T": "{-151.898,-34.323,21.119}", "sco": "28.225", "zsco": "5.455948", "Overlap": "0.1406,44/313", "CC": "0.428851", "PCC": "0.163113", "Score": "28.2", "Std": "2.253