{"_class_00_final_volume_FMN": {"R": "{185.0,240.0,355.0}", "MTX": "{-0.498098045,-0.011634130,0.867042666,0.043578579,-0.998982302,0.011630471,0.866024968,0.043577603,0.498098130}", "T": "{-23.729,88.165,-121.062}", "sco": "77.805", "zsco": "4.459393", "Overlap": "0.3536,122/345", "CC": "0.626847", "PCC": "0.308258", "Score": "77.8", "Std": "7.348699", "Ave": "45.034038"}, "_class_00_final_volume_SAMIV": {"R": "{185.0,180.0,355.0}", "MTX": "{-0.996194586,-0.086825430,0.007595528,0.087157027,-0.992403818,0.086823469,-0.000000654,0.087155074,0.996194757}", "T": "{99.487,70.384,-100.168}", "sco": "53.376", "zsco": "9.819269", "Overlap": "0.2278,72/316", "CC": "0.580045", "PCC": "0.283882", "Score": "53.4", "Std": "3.394809", "Ave": "20.041876"}, "_class_00_axis_flipped_final_volume_FMN": {"R": "{295.0,25.0,0.0}", "MTX": "{0.906307825,-0.383022338,0.178605750,0.000000000,0.422617291,0.906308240,-0.422618179,-0.821394250,0.383021358}", "T": "{-60.363,-121.288,81.045}", "sco": "78.589", "zsco": "4.496497", "Overlap": "0.3703,127/343", "CC": "0.685228", "PCC": "0.348100", "Score": "78.6", "Std": "7.512711", "Ave": "44.807829"}, "_class_00_axis_flipped_final_volume_SAMIV": {"R": "{175.0,355.0,0.0}", "MTX": "{0.996194586,-0.007596291,0.086825363,0.000000000,-0.996194643,-0.087156376,0.087157027,0.086824710,-0.992403709}", "T": "{-99.486,100.168,70.384}", "sco": "39.572", "zsco": "6.073102", "Overlap": "0.2403,74/308", "CC": "0.543667", "PCC": "0.139162", "Score": "39.6", "Std": "3.208041", "Ave": "20.088948"}, "10_class_00_final_volume_FMN": {"R": "{215.0,55.0,95.0}", "MTX": "{-0.049990297,0.856984985,-0.512911011,0.571393985,-0.396664268,-0.718447195,-0.819151930,-0.328989655,-0.469846701}", "T": "{-25.291,46.760,146.147}", "sco": "76.401", "zsco": "4.056019", "Overlap": "0.4306,124/288", "CC": "0.763969", "PCC": "0.468975", "Score": "76.4", "Std": "7.787074", "Ave": "44.816512"}, "10_class_00_final_volume_SAMIV": {"R": "{335.0,335.0,25.0}", "MTX": "{0.821393374,-0.221148893,-0.525743372,0.383021930,0.896875993,0.221150753,0.422619364,-0.383023003,0.821392873}", "T": "{-6.407,-136.090,-81.045}", "sco": "34.131", "zsco": "5.352085", "Overlap": "0.2121,56/264", "CC": "0.455551", "PCC": "0.209744", "Score": "34.1", "Std": "2.969148", "Ave": "18.240044"}, "10_class_00_axis_flipped_final_volume_FMN": {"R": "{125.0,265.0,120.0}", "MTX": "{0.043578318,0.904748817,0.423710406,-0.075479936,-0.419919501,0.904417156,0.996194614,-0.071394613,0.049990998}", "T": "{-124.995,-35.176,-83.832}", "sco": "111.309", "zsco": "7.552692", "Overlap": "0.5222,141/270", "CC": "0.827295", "PCC": "0.486160", "Score": "111.3", "Std": "8.684851", "Ave": "45.714640"}, "10_class_00_axis_flipped_final_volume_SAMIV": {"R": "{335.0,0.0,0.0}", "MTX": "{1.000000000,-0.000000000,0.000000000,0.000000000,0.906307273,0.422619364,-0.000000000,-0.422619364,0.906307273}", "T": "{-86.000,-121.288,-48.597}", "sco": "34.613", "zsco": "5.547975", "Overlap": "0.2180,58/266", "CC": "0.436683", "PCC": "0.152231", "Score": "34.6", "Std": "2.869741", "Ave": "18.691696"}, "J113_class_00_final_volume_FMN": {"R": "{115.0,270.0,125.0}", "MTX": "{0.000000562,0.866024968,0.500000755,-0.000000803,-0.500000755,0.866024968,1.000000000,-0.000000889,0.000000414}", "T": "{-124.478,-31.478,-86.000}", "sco": "94.008", "zsco": "7.618787", "Overlap": "0.5509,119/216", "CC": "0.805235", "PCC": "0.478349", "Score": "94.0", "Std": "7.651737", "Ave": "35.710806"}, "J113_class_00_final_volume_SAMIV": {"R": "{215.0,210.0,90.0}", "MTX": "{-0.000000283,0.819152586,-0.573575663,-0.866025785,0.286787252,0.409575893,0.499999340,0.496731430,0.709407180}", "T": "{-28.120,14.591,-146.728}", "sco": "27.407", "zsco": "5.035313", "Overlap": "0.2228,45/202", "CC": "0.479694", "PCC": "0.186479", "Score": "27.4", "Std": "2.383355", "Ave": "15.405659"}, "J113_class_01_final_volume_FMN": {"R": "{240.0,235.0,5.0}", "MTX": "{-0.571394502,0.750284125,0.332538801,-0.049990531,-0.436269334,0.898426411,0.819151555,0.496732120,0.286789001}", "T": "{-43.983,-35.446,-144.830}", "sco": "84.708", "zsco": "4.345426", "Overlap": "0.4542,129/284", "CC": "0.738765", "PCC": "0.348776", "Score": "84.7", "Std": "7.973295", "Ave": "50.061074"}, "J113_class_01_final_volume_SAMIV": {"R": "{25.0,185.0,60.0}", "MTX": "{-0.498097566,-0.803302168,0.326503356,-0.862729858,0.421255498,-0.279715923,0.087155074,-0.421010014,-0.902859104}", "T": "{90.841,62.022,106.357}", "sco": "31.928", "zsco": "4.408858", "Overlap": "0.2344,60/256", "CC": "0.466388", "PCC": "0.191957", "Score": "31.9", "Std": "2.938794", "Ave": "18.971233"}, "J113_class_02_final_volume_FMN": {"R": "{235.0,90.0,120.0}", "MTX": "{-0.000000163,0.906307964,-0.422617883,0.000000283,-0.422617883,-0.906307964,-1.000000000,-0.000000268,-0.000000187}", "T": "{-41.597,121.288,93.000}", "sco": "83.523", "zsco": "7.811832", "Overlap": "0.5142,109/212", "CC": "0.770090", "PCC": "0.449318", "Score": "83.5", "Std": "6.642209", "Ave": "31.634730"}, "J113_class_02_final_volume_SAMIV": {"R": "{330.0,25.0,5.0}", "MTX": "{0.902859052,-0.285984451,0.321027142,0.078989915,0.844312485,0.529997189,-0.422618179,-0.453154853,0.784885057}", "T": "{-80.660,-124.984,7.816}", "sco": "25.716", "zsco": "5.655026", "Overlap": "0.2316,44/190", "CC": "0.397699", "PCC": "0.174152", "Score": "25.7", "Std": "2.095776", "Ave": "13.864509"}, "J113_class_00_axis_flipped_final_volume_FMN": {"R": "{275.0,205.0,155.0}", "MTX": "{0.821393874,-0.418397263,-0.387628473,-0.383022817,0.098937485,-0.918425226,0.422617587,0.902859405,-0.078989054}", "T": "{-8.322,110.416,-107.198}", "sco": "64.219", "zsco": "4.519887", "Overlap": "0.4057,99/244", "CC": "0.660421", "PCC": "0.248667", "Score": "64.2", "Std": "6.328204", "Ave": "35.616356"}, "J113_class_00_axis_flipped_final_volume_SAMIV": {"R": "{325.0,335.0,35.0}", "MTX": "{0.742403521,-0.271279336,-0.612572064,0.519836402,0.810047300,0.271281195,0.422619364,-0.519837372,0.742402842}", "T": "{12.165,-144.700,-62.486}", "sco": "27.263", "zsco": "4.846533", "Overlap": "0.2010,41/204", "CC": "0.431294", "PCC": "0.182405", "Score": "27.3", "Std": "2.457141", "Ave": "15.354023"}, "J113_class_01_axis_flipped_final_volume_FMN": {"R": "{275.0,240.0,115.0}", "MTX": "{0.211309261,-0.443593981,-0.870960835,-0.453154666,0.745065513,-0.489416214,0.866024968,0.498098144,-0.043577440}", "T": "{101.879,16.985,-120.567}", "sco": "85.222", "zsco": "4.477188", "Overlap": "0.4691,129/275", "CC": "0.746795", "PCC": "0.442288", "Score": "85.2", "Std": "8.015140", "Ave": "49.336326"}, "J113_class_01_axis_flipped_final_volume_SAMIV": {"R": "{205.0,155.0,65.0}", "MTX": "{-0.383022315,0.745911751,-0.544894087,-0.821393499,-0.544894653,-0.168530523,-0.422618772,0.383021510,0.821393874}", "T": "{15.652,138.994,-67.235}", "sco": "32.281", "zsco": "4.650916", "Overlap": "0.1962,51/260", "CC": "0.435668", "PCC": "0.175752", "Score": "32.3", "Std": "2.885443", "Ave": "18.860710"}, "J113_class_02_axis_flipped_final_volume_FMN": {"R": "{150.0,235.0,90.0}", "MTX": "{-0.000000187,0.866024998,0.500000704,-0.573577135,-0.409576447,0.709405670,0.819151555,-0.286788838,0.496732214}", "T": "{-124.478,23.542,-88.502}", "sco": "58.479", "zsco": "4.483854", "Overlap": "0.4044,91/225", "CC": "0.692864", "PCC": "0.371015", "Score": "58.5", "Std": "5.785437", "Ave": "32.538436"}, "J113_class_02_axis_flipped_final_volume_SAMIV": {"R": "{180.0,155.0,55.0}", "MTX": "{-0.519836803,0.819152088,-0.242403703,-0.742403578,-0.573576374,-0.346189357,-0.422618772,-0.000000592,0.906307549}", "T": "{-4.894,142.947,-27.597}", "sco": "25.631", "zsco": "4.960421", "Overlap": "0.2263,43/190", "CC": "0.448708", "PCC": "0.127852", "Score": "25.6", "Std": "2.310218", "Ave": "14.171194"}, "J115_class_00_final_volume_FMN": {"R": "{115.0,270.0,125.0}", "MTX": "{0.000000562,0.866024968,0.500000755,-0.000000803,-0.500000755,0.866024968,1.000000000,-0.000000889,0.000000414}", "T": "{-124.478,-31.478,-86.000}", "sco": "99.237", "zsco": "7.627884", "Overlap": "0.5516,123/223", "CC": "0.815335", "PCC": "0.527704", "Score": "99.2", "Std": "8.070781", "Ave": "37.674379"}, "J115_class_00_final_volume_SAMIV": {"R": "{210.0,205.0,90.0}", "MTX": "{-0.000000296,0.866025854,-0.499999220,-0.906308102,0.211308231,0.365997891,0.422617587,0.453153452,0.784886185}", "T": "{-38.478,28.294,-142.817}", "sco": "28.197", "zsco": "5.175383", "Overlap": "0.2146,47/219", "CC": "0.470954", "PCC": "0.127201", "Score": "28.2", "Std": "2.368608", "Ave": "15.938112"}, "J115_class_01_final_volume_FMN": {"R": "{90.0,205.0,150.0}", "MTX": "{0.784885593,0.365997288,0.500000591,-0.453154478,-0.211309276,0.866025062,0.422617587,-0.906308102,-0.000000296}", "T": "{-155.976,-17.334,48.597}", "sco": "63.032", "zsco": "5.783945", "Overlap": "0.4455,98/220", "CC": "0.690413", "PCC": "0.210049", "Score": "63.0", "Std": "5.480803", "Ave": "31.331252"}, "J115_class_01_final_volume_SAMIV": {"R": "{0.0,0.0,95.0}", "MTX": "{-0.087155399,-0.996194728,0.000000000,0.996194728,-0.087155399,0.000000000,-0.000000000,0.000000000,1.000000000}", "T": "{100.168,-78.177,-72.000}", "sco": "24.493", "zsco": "5.012675", "Overlap": "0.1990,39/196", "CC": "0.425051", "PCC": "0.173679", "Score": "24.5", "Std": "2.128842", "Ave": "13.821877"}, "J115_class_02_final_volume_FMN": {"R": "{335.0,265.0,95.0}", "MTX": "{0.007596177,-0.939551921,-0.342322196,-0.086825046,0.340419501,-0.936256362,0.996194614,0.036834110,-0.078990752}", "T": "{116.588,58.709,-89.047}", "sco": "88.831", "zsco": "6.968265", "Overlap": "0.5907,127/215", "CC": "0.825656", "PCC": "0.475099", "Score": "88.8", "Std": "7.559285", "Ave": "36.155730"}, "J115_class_02_final_volume_SAMIV": {"R": "{145.0,355.0,0.0}", "MTX": "{0.996194586,-0.049991254,0.071394830,0.000000000,-0.819151742,-0.573576868,0.087157027,0.571394170,-0.816034531}", "T": "{-94.513,119.775,6.544}", "sco": "29.485", "zsco": "5.607399", "Overlap": "0.2264,48/212", "CC": "0.452855", "PCC": "0.142250", "Score": "29.5", "Std": "2.464633", "Ave": "15.664346"}, "J115_class_03_final_volume_FMN": {"R": "{300.0,265.0,60.0}", "MTX": "{-0.043578367,-0.001646475,-0.999048655,-0.075479908,0.997145959,0.001649084,0.996194614,0.075479965,-0.043578268}", "T": "{89.808,-86.405,-95.416}", "sco": "63.513", "zsco": "4.043202", "Overlap": "0.4661,110/236", "CC": "0.754722", "PCC": "0.386771", "Score": "63.5", "Std": "6.457997", "Ave": "37.402230"}, "J115_class_03_final_volume_SAMIV": {"R": "{5.0,0.0,90.0}", "MTX": "{0.000000327,-0.996194700,0.087155725,1.000000000,0.000000326,-0.000000028,-0.000000000,0.087155725,0.996194700}", "T": "{85.177,-93.000,-79.168}", "sco": "28.709", "zsco": "4.659260", "Overlap": "0.2009,45/224", "CC": "0.468501", "PCC": "0.183172", "Score": "28.7", "Std": "2.694828", "Ave": "16.152746"}, "J115_class_00_axis_flipped_final_volume_FMN": {"R": "{335.0,30.0,120.0}", "MTX": "{-0.433012402,-0.679230578,-0.592575802,0.750000236,-0.636152859,0.181133063,-0.499999906,-0.365999129,0.784885171}", "T": "{146.614,-32.368,13.976}", "sco": "64.417", "zsco": "4.350869", "Overlap": "0.4274,103/241", "CC": "0.691727", "PCC": "0.296032", "Score": "64.4", "Std": "6.278366", "Ave": "37.100251"}, "J115_class_00_axis_flipped_final_volume_SAMIV": {"R": "{35.0,180.0,0.0}", "MTX": "{-1.000000000,0.000000375,0.000000535,-0.000000000,0.819152117,-0.573576332,-0.000000654,-0.573576332,-0.819152117}", "T": "{86.000,-28.120,119.775}", "sco": "27.923", "zsco": "5.041453", "Overlap": "0.2372,51/215", "CC": "0.438240", "PCC": "0.124253", "Score": "27.9", "Std": "2.421748", "Ave": "15.713945"}, "J115_class_01_axis_flipped_final_volume_FMN": {"R": "{325.0,270.0,115.0}", "MTX": "{0.000000414,-0.984807476,-0.173649751,-0.000000889,0.173649751,-0.984807476,1.000000000,0.000000562,-0.000000803}", "T": "{106.627,69.760,-93.000}", "sco": "77.509", "zsco": "7.051283", "Overlap": "0.5561,114/205", "CC": "0.809437", "PCC": "0.456985", "Score": "77.5", "Std": "6.483639", "Ave": "31.790905"}, "J115_class_01_axis_flipped_final_volume_SAMIV": {"R": "{150.0,355.0,0.0}", "MTX": "{0.996194586,-0.043578555,0.075480176,0.000000000,-0.866025131,-0.500000472,0.087157027,0.498097763,-0.862729547}", "T": "{-95.416,117.478,16.863}", "sco": "24.719", "zsco": "5.035043", "Overlap": "0.2199,42/191", "CC": "0.438471", "PCC": "0.135021", "Score": "24.7", "Std": "2.141792", "Ave": "13.934612"}, "J115_class_02_axis_flipped_final_volume_FMN": {"R": "{95.0,205.0,155.0}", "MTX": "{0.821393874,0.418397516,0.387628200,-0.383022817,-0.098936885,0.918425291,0.422617587,-0.902859353,0.078989644}", "T": "{-153.958,-37.536,41.508}", "sco": "65.353", "zsco": "4.647769", "Overlap": "0.4530,106/234", "CC": "0.680852", "PCC": "0.209620", "Score": "65.4", "Std": "6.239279", "Ave": "36.354624"}, "J115_class_02_axis_flipped_final_volume_SAMIV": {"R": "{90.0,175.0,0.0}", "MTX": "{-0.996194643,0.087156376,0.000000028,-0.000000000,0.000000327,-1.000000000,-0.087156376,-0.996194643,-0.000000326}", "T": "{78.177,93.000,93.168}", "sco": "27.940", "zsco": "4.566172", "Overlap": "0.2372,51/215", "CC": "0.444995", "PCC": "0.139985", "Score": "27.9", "Std": "2.639362", "Ave": "15.888560"}, "J115_class_03_axis_flipped_final_volume_FMN": {"R": "{335.0,265.0,95.0}", "MTX": "{0.007596177,-0.939551921,-0.342322196,-0.086825046,0.340419501,-0.936256362,0.996194614,0.036834110,-0.078990752}", "T": "{116.588,58.709,-89.047}", "sco": "91.415", "zsco": "7.228205", "Overlap": "0.5826,127/218", "CC": "0.820808", "PCC": "0.487113", "Score": "91.4", "Std": "7.502567", "Ave": "37.184440"}, "J115_class_03_axis_flipped_final_volume_SAMIV": {"R": "{145.0,355.0,0.0}", "MTX": "{0.996194586,-0.049991254,0.071394830,0.000000000,-0.819151742,-0.573576868,0.087157027,0.571394170,-0.816034531}", "T": "{-94.513,119.775,6.544}", "sco": "30.016", "zsco": "5.614534", "Overlap": "0.2279,49/215", "CC": "0.452010", "PCC": "0.176549", "Score": "30.0", "Std": "2.479471", "Ave": "16.094625"}, "J116_class_00_final_volume_FMN": {"R": "{25.0,90.0,95.0}", "MTX": "{-0.000000028,-0.939692534,0.342020382,0.000000326,0.342020382,0.939692534,-1.000000000,0.000000138,0.000000296}", "T": "{51.400,-117.227,86.000}", "sco": "92.202", "zsco": "8.319849", "Overlap": "0.5701,126/221", "CC": "0.851280", "PCC": "0.521362", "Score": "92.2", "Std": "6.765466", "Ave": "35.913990"}, "J116_class_00_final_volume_SAMIV": {"R": "{330.0,25.0,90.0}", "MTX": "{0.000000296,-0.866024874,-0.500000918,0.906307825,-0.211309245,0.365997990,-0.422618179,-0.453154853,0.784885057}", "T": "{117.478,-98.246,14.816}", "sco": "29.794", "zsco": "6.363462", "Overlap": "0.2123,45/212", "CC": "0.476912", "PCC": "0.163881", "Score": "29.8", "Std": "2.228578", "Ave": "15.612442"}, "J116_class_01_final_volume_FMN": {"R": "{125.0,270.0,125.0}", "MTX": "{0.000000562,0.939692310,0.342020996,-0.000000803,-0.342020996,0.939692310,1.000000000,-0.000000803,0.000000562}", "T": "{-117.227,-51.400,-86.000}", "sco": "76.931", "zsco": "7.567935", "Overlap": "0.4905,103/210", "CC": "0.756722", "PCC": "0.448171", "Score": "76.9", "Std": "6.083735", "Ave": "30.889984"}, "J116_class_01_final_volume_SAMIV": {"R": "{335.0,355.0,0.0}", "MTX": "{0.996194586,0.036834247,-0.078991047,0.000000000,0.906307273,0.422619364,0.087157027,-0.421011122,0.902858398}", "T": "{-89.047,-121.288,-55.934}", "sco": "23.217", "zsco": "4.516014", "Overlap": "0.2353,44/187", "CC": "0.412885", "PCC": "0.142226", "Score": "23.2", "Std": "2.092909", "Ave": "13.765397"}, "J116_class_02_final_volume_FMN": {"R": "{240.0,65.0,115.0}", "MTX": "{-0.178606126,0.784861139,-0.593374118,0.383022490,-0.500038343,-0.776695196,-0.906307687,-0.365998152,-0.211309557}", "T": "{-1.108,76.859,134.591}", "sco": "82.396", "zsco": "6.491164", "Overlap": "0.5628,121/215", "CC": "0.825410", "PCC": "0.481076", "Score": "82.4", "Std": "6.730029", "Ave": "38.710026"}, "J116_class_02_final_volume_SAMIV": {"R": "{205.0,25.0,125.0}", "MTX": "{-0.519836476,0.844848425,-0.126495758,0.742404144,0.373531220,-0.556156916,-0.422618179,-0.383021626,-0.821394125}", "T": "{-17.072,-55.141,153.925}", "sco": "25.884", "zsco": "4.522875", "Overlap": "0.2359,46/195", "CC": "0.474534", "PCC": "0.115685", "Score": "25.9", "Std": "2.184618", "Ave": "16.002929"}, "J116_class_03_final_volume_FMN": {"R": "{215.0,55.0,95.0}", "MTX": "{-0.049990297,0.856984985,-0.512911011,0.571393985,-0.396664268,-0.718447195,-0.819151930,-0.328989655,-0.469846701}", "T": "{-25.291,46.760,146.147}", "sco": "66.895", "zsco": "4.656391", "Overlap": "0.4661,110/236", "CC": "0.762981", "PCC": "0.481640", "Score": "66.9", "Std": "6.543187", "Ave": "36.427167"}, "J116_class_03_final_volume_SAMIV": {"R": "{325.0,335.0,35.0}", "MTX": "{0.742403521,-0.271279336,-0.612572064,0.519836402,0.810047300,0.271281195,0.422619364,-0.519837372,0.742402842}", "T": "{12.165,-144.700,-62.486}", "sco": "29.176", "zsco": "5.118363", "Overlap": "0.2048,43/210", "CC": "0.439530", "PCC": "0.205488", "Score": "29.2", "Std": "2.627236", "Ave": "15.728966"}, "J116_class_04_final_volume_FMN": {"R": "{235.0,90.0,120.0}", "MTX": "{-0.000000163,0.906307964,-0.422617883,0.000000283,-0.422617883,-0.906307964,-1.000000000,-0.000000268,-0.000000187}", "T": "{-41.597,121.288,93.000}", "sco": "84.050", "zsco": "8.012285", "Overlap": "0.5258,112/213", "CC": "0.812094", "PCC": "0.526503", "Score": "84.1", "Std": "6.553444", "Ave": "31.542361"}, "J116_class_04_final_volume_SAMIV": {"R": "{25.0,175.0,0.0}", "MTX": "{-0.996194643,0.036833869,0.078990505,-0.000000000,0.906307825,-0.422618179,-0.087156376,-0.421009966,-0.902859000}", "T": "{75.712,-48.597,121.348}", "sco": "27.137", "zsco": "6.136022", "Overlap": "0.2500,48/192", "CC": "0.479039", "PCC": "0.162992", "Score": "27.1", "Std": "2.139584", "Ave": "14.008446"}, "J116_class_00_axis_flipped_final_volume_FMN": {"R": "{205.0,210.0,125.0}", "MTX": "{0.496731662,0.621202864,-0.606106144,-0.709407018,0.692930491,0.128798362,0.499999340,0.365997728,0.784886185}", "T": "{-51.017,-16.660,-141.976}", "sco": "61.730", "zsco": "4.209217", "Overlap": "0.4234,105/248", "CC": "0.686056", "PCC": "0.320344", "Score": "61.7", "Std": "6.069400", "Ave": "36.182293"}, "J116_class_00_axis_flipped_final_volume_SAMIV": {"R": "{305.0,30.0,125.0}", "MTX": "{-0.496731474,-0.234922576,-0.835505372,0.709406750,-0.664494534,-0.234923556,-0.499999906,-0.709407075,0.496731010}", "T": "{134.776,9.341,75.290}", "sco": "26.906", "zsco": "4.745079", "Overlap": "0.1757,39/222", "CC": "0.376134", "PCC": "0.108722", "Score": "26.9", "Std": "2.381193", "Ave": "15.607505"}, "J116_class_01_axis_flipped_final_volume_FMN": {"R": "{275.0,205.0,155.0}", "MTX": "{0.821393874,-0.418397263,-0.387628473,-0.383022817,0.098937485,-0.918425226,0.422617587,0.902859405,-0.078989054}", "T": "{-8.322,110.416,-107.198}", "sco": "59.498", "zsco": "5.103475", "Overlap": "0.3904,89/228", "CC": "0.610752", "PCC": "0.262270", "Score": "59.5", "Std": "5.648052", "Ave": "30.673305"}, "J116_class_01_axis_flipped_final_volume_SAMIV": {"R": "{265.0,205.0,0.0}", "MTX": "{-0.906308102,0.421009364,0.036833955,-0.000000000,-0.087156701,0.996194614,0.422617587,0.902859250,0.078990825}", "T": "{45.568,-71.177,-127.784}", "sco": "27.100", "zsco": "6.144868", "Overlap": "0.2514,45/179", "CC": "0.430227", "PCC": "0.114281", "Score": "27.1", "Std": "2.199331", "Ave": "13.585534"}, "J116_class_02_axis_flipped_final_volume_FMN": {"R": "{60.0,85.0,95.0}", "MTX": "{-0.007596120,-0.573289111,0.819317945,0.086824398,0.815869146,0.571680907,-0.996194671,0.075479344,0.043578042}", "T": "{-13.505,-140.796,75.434}", "sco": "63.626", "zsco": "4.231630", "Overlap": "0.4000,94/235", "CC": "0.670217", "PCC": "0.228817", "Score": "63.6", "Std": "6.010519", "Ave": "38.192002"}, "J116_class_02_axis_flipped_final_volume_SAMIV": {"R": "{335.0,175.0,5.0}", "MTX": "{-0.992403823,-0.115683675,0.041856178,-0.086824066,0.899648210,0.427895641,-0.087156376,0.421011146,-0.902858450}", "T": "{91.696,-106.702,48.934}", "sco": "26.915", "zsco": "4.974255", "Overlap": "0.2359,46/195", "CC": "0.433790", "PCC": "0.183948", "Score": "26.9", "Std": "2.236854", "Ave": "15.787958"}, "J116_class_03_axis_flipped_final_volume_FMN": {"R": "{125.0,265.0,120.0}", "MTX": "{0.043578318,0.904748817,0.423710406,-0.075479936,-0.419919501,0.904417156,0.996194614,-0.071394613,0.049990998}", "T": "{-124.995,-35.176,-83.832}", "sco": "99.741", "zsco": "7.860919", "Overlap": "0.5780,126/218", "CC": "0.822838", "PCC": "0.498763", "Score": "99.7", "Std": "8.001250", "Ave": "36.843583"}, "J116_class_03_axis_flipped_final_volume_SAMIV": {"R": "{305.0,180.0,85.0}", "MTX": "{-0.087156050,-0.571392932,-0.816035502,-0.996194671,0.049990044,0.071394486,-0.000000654,0.819152680,-0.573575529}", "T": "{133.814,75.234,-21.120}", "sco": "28.639", "zsco": "5.082441", "Overlap": "0.2297,48/209", "CC": "0.463020", "PCC": "0.128240", "Score": "28.6", "Std": "2.489439", "Ave": "15.986603"}, "J116_class_04_axis_flipped_final_volume_FMN": {"R": "{150.0,235.0,90.0}", "MTX": "{-0.000000187,0.866024998,0.500000704,-0.573577135,-0.409576447,0.709405670,0.819151555,-0.286788838,0.496732214}", "T": "{-124.478,23.542,-88.502}", "sco": "59.321", "zsco": "4.462814", "Overlap": "0.4053,92/227", "CC": "0.689156", "PCC": "0.363743", "Score": "59.3", "Std": "6.019671", "Ave": "32.456573"}, "J116_class_04_axis_flipped_final_volume_SAMIV": {"R": "{120.0,145.0,0.0}", "MTX": "{-0.819151742,0.496732263,-0.286788217,-0.000000000,-0.499999623,-0.866025622,-0.573576868,-0.709406397,0.409575562}", "T": "{52.392,117.478,75.113}", "sco": "24.481", "zsco": "4.298688", "Overlap": "0.2447,46/188", "CC": "0.405615", "PCC": "0.119857", "Score": "24.5", "Std": "2.363106", "Ave": "14.323106"}, "J117_class_00_final_volume_FMN": {"R": "{25.0,90.0,95.0}", "MTX": "{-0.000000028,-0.939692534,0.342020382,0.000000326,0.342020382,0.939692534,-1.000000000,0.000000138,0.000000296}", "T": "{51.400,-117.227,86.000}", "sco": "82.713", "zsco": "8.070518", "Overlap": "0.5637,115/204", "CC": "0.786290", "PCC": "0.548964", "Score": "82.7", "Std": "6.399631", "Ave": "31.064329"}, "J117_class_00_final_volume_SAMIV": {"R": "{330.0,25.0,90.0}", "MTX": "{0.000000296,-0.866024874,-0.500000918,0.906307825,-0.211309245,0.365997990,-0.422618179,-0.453154853,0.784885057}", "T": "{117.478,-98.246,14.816}", "sco": "25.234", "zsco": "5.135543", "Overlap": "0.2073,40/193", "CC": "0.469347", "PCC": "0.205831", "Score": "25.2", "Std": "2.201096", "Ave": "13.930058"}, "J117_class_01_final_volume_FMN": {"R": "{25.0,85.0,90.0}", "MTX": "{0.000000028,-0.906307688,0.422618475,0.087156050,0.421010275,0.902858888,-0.996194671,0.036833731,0.078990210}", "T": "{41.597,-128.348,75.712}", "sco": "93.007", "zsco": "7.971357", "Overlap": "0.5864,129/220", "CC": "0.852335", "PCC": "0.515521", "Score": "93.0", "Std": "7.303302", "Ave": "34.790023"}, "J117_class_01_final_volume_SAMIV": {"R": "{330.0,25.0,90.0}", "MTX": "{0.000000296,-0.866024874,-0.500000918,0.906307825,-0.211309245,0.365997990,-0.422618179,-0.453154853,0.784885057}", "T": "{117.478,-98.246,14.816}", "sco": "30.109", "zsco": "6.130461", "Overlap": "0.2304,47/204", "CC": "0.490185", "PCC": "0.195013", "Score": "30.1", "Std": "2.425795", "Ave": "15.237922"}, "J117_class_02_final_volume_FMN": {"R": "{125.0,265.0,120.0}", "MTX": "{0.043578318,0.904748817,0.423710406,-0.075479936,-0.419919501,0.904417156,0.996194614,-0.071394613,0.049990998}", "T": "{-124.995,-35.176,-83.832}", "sco": "92.148", "zsco": "7.846160", "Overlap": "0.5247,117/223", "CC": "0.804139", "PCC": "0.469698", "Score": "92.1", "Std": "7.273375", "Ave": "35.080429"}, "J117_class_02_final_volume_SAMIV": {"R": "{215.0,210.0,90.0}", "MTX": "{-0.000000283,0.819152586,-0.573575663,-0.866025785,0.286787252,0.409575893,0.499999340,0.496731430,0.709407180}", "T": "{-28.120,14.591,-146.728}", "sco": "26.947", "zsco": "4.954545", "Overlap": "0.2163,45/208", "CC": "0.479865", "PCC": "0.163995", "Score": "26.9", "Std": "2.338279", "Ave": "15.362010"}, "J117_class_00_axis_flipped_final_volume_FMN": {"R": "{215.0,215.0,120.0}", "MTX": "{0.409575937,0.544912573,-0.731654180,-0.709407046,0.694489009,0.120111030,0.573575797,0.469846043,0.671010805}", "T": "{-26.164,-16.047,-147.441}", "sco": "53.532", "zsco": "4.021477", "Overlap": "0.3789,86/227", "CC": "0.603980", "PCC": "0.282899", "Score": "53.5", "Std": "5.685601", "Ave": "30.667827"}, "J117_class_00_axis_flipped_final_volume_SAMIV": {"R": "{275.0,35.0,5.0}", "MTX": "{0.816034997,-0.576815461,-0.037024404,0.071393796,0.037022862,0.996760871,-0.573576332,-0.816035067,0.071392996}", "T": "{-17.389,-88.045,113.367}", "sco": "27.189", "zsco": "6.251811", "Overlap": "0.2287,43/188", "CC": "0.390375", "PCC": "0.018915", "Score": "27.2", "Std": "2.164168", "Ave": "13.659233"}, "J117_class_01_axis_flipped_final_volume_FMN": {"R": "{335.0,240.0,85.0}", "MTX": "{-0.043578091,-0.870959455,-0.489418611,-0.498098087,0.443596337,-0.745064148,0.866024968,0.211310001,-0.453154320}", "T": "{127.740,68.763,-53.680}", "sco": "60.155", "zsco": "3.881048", "Overlap": "0.4378,102/233", "CC": "0.725604", "PCC": "0.465323", "Score": "60.2", "Std": "6.499287", "Ave": "34.931239"}, "J117_class_01_axis_flipped_final_volume_SAMIV": {"R": "{5.0,330.0,55.0}", "MTX": "{0.496731563,-0.841030105,-0.214303797,0.709405890,0.535697005,-0.458008736,0.500001038,0.075479019,0.862729320}", "T": "{48.040,-67.690,-130.686}", "sco": "27.710", "zsco": "5.137518", "Overlap": "0.2356,49/208", "CC": "0.461242", "PCC": "0.117818", "Score": "27.7", "Std": "2.437301", "Ave": "15.188637"}, "J117_class_02_axis_flipped_final_volume_FMN": {"R": "{125.0,270.0,35.0}", "MTX": "{-0.000000803,-0.342020689,0.939692422,-0.000000562,-0.939692422,-0.342020689,1.000000000,-0.000000803,0.000000562}", "T": "{-58.400,110.227,-93.000}", "sco": "58.441", "zsco": "3.827803", "Overlap": "0.4541,104/229", "CC": "0.706918", "PCC": "0.398482", "Score": "58.4", "Std": "6.171477", "Ave": "34.817951"}, "J117_class_02_axis_flipped_final_volume_SAMIV": {"R": "{35.0,175.0,5.0}", "MTX": "{-0.992403823,-0.021593192,0.121113114,-0.086824066,0.820391985,-0.565171277,-0.087156376,-0.571393669,-0.816034951}", "T": "{76.788,-21.482,126.814}", "sco": "27.693", "zsco": "5.405495", "Overlap": "0.2293,47/205", "CC": "0.429618", "PCC": "0.121163", "Score": "27.7", "Std": "2.345526", "Ave": "15.014676"}, "J118_class_00_final_volume_FMN": {"R": "{90.0,235.0,120.0}", "MTX": "{0.286788351,0.409575185,0.866025755,-0.496732495,-0.709406398,0.499999391,0.819151555,-0.573577135,-0.000000187}", "T": "{-141.365,60.728,-21.119}", "sco": "101.838", "zsco": "6.887002", "Overlap": "0.5708,137/240", "CC": "0.822509", "PCC": "0.501549", "Score": "101.8", "Std": "8.297815", "Ave": "44.690570"}, "J118_class_00_final_volume_SAMIV": {"R": "{155.0,355.0,5.0}", "MTX": "{0.992403766,0.042295861,0.115524132,0.086824061,-0.906069088,-0.414126056,0.087157027,0.421010532,-0.902858674}", "T": "{-105.919,113.070,26.943}", "sco": "31.114", "zsco": "4.613071", "Overlap": "0.2414,56/232", "CC": "0.436980", "PCC": "0.099383", "Score": "31.1", "Std": "2.844910", "Ave": "17.990598"}, "J118_class_01_final_volume_FMN": {"R": "{125.0,265.0,120.0}", "MTX": "{0.043578318,0.904748817,0.423710406,-0.075479936,-0.419919501,0.904417156,0.996194614,-0.071394613,0.049990998}", "T": "{-124.995,-35.176,-83.832}", "sco": "77.501", "zsco": "7.529123", "Overlap": "0.4834,102/211", "CC": "0.757199", "PCC": "0.471437", "Score": "77.5", "Std": "6.196803", "Ave": "30.844222"}, "J118_class_01_final_volume_SAMIV": {"R": "{325.0,355.0,0.0}", "MTX": "{0.996194586,0.049991301,-0.071394798,0.000000000,0.819151367,0.573577403,0.087157027,-0.571394703,0.816034157}", "T": "{-90.832,-126.775,-35.534}", "sco": "24.344", "zsco": "4.862947", "Overlap": "0.2394,45/188", "CC": "0.433323", "PCC": "0.108111", "Score": "24.3", "Std": "2.157240", "Ave": "13.853108"}, "J118_class_02_final_volume_FMN": {"R": "{335.0,270.0,95.0}", "MTX": "{0.000000085,-0.939692087,-0.342021611,-0.000000977,0.342021611,-0.939692087,1.000000000,0.000000414,-0.000000889}", "T": "{117.227,51.400,-93.000}", "sco": "86.194", "zsco": "7.429943", "Overlap": "0.6000,123/205", "CC": "0.829158", "PCC": "0.463791", "Score": "86.2", "Std": "7.051024", "Ave": "33.805370"}, "J118_class_02_final_volume_SAMIV": {"R": "{155.0,355.0,5.0}", "MTX": "{0.992403766,0.042295861,0.115524132,0.086824061,-0.906069088,-0.414126056,0.087157027,0.421010532,-0.902858674}", "T": "{-105.919,106.070,26.943}", "sco": "25.836", "zsco": "5.080946", "Overlap": "0.2255,46/204", "CC": "0.448186", "PCC": "0.143106", "Score": "25.8", "Std": "2.213614", "Ave": "14.588341"}, "J118_class_03_final_volume_FMN": {"R": "{235.0,65.0,120.0}", "MTX": "{-0.211309078,0.867933891,-0.449487747,0.365998428,-0.356151973,-0.859767947,-0.906307687,-0.346188581,-0.242404295}", "T": "{-17.814,73.093,135.561}", "sco": "83.605", "zsco": "6.934441", "Overlap": "0.5111,115/225", "CC": "0.814812", "PCC": "0.501405", "Score": "83.6", "Std": "7.043146", "Ave": "34.764675"}, "J118_class_03_final_volume_SAMIV": {"R": "{30.0,180.0,0.0}", "MTX": "{-1.000000000,0.000000327,0.000000566,-0.000000000,0.866025458,-0.499999906,-0.000000654,-0.499999906,-0.866025458}", "T": "{86.000,-38.478,117.478}", "sco": "28.424", "zsco": "5.710813", "Overlap": "0.2294,50/218", "CC": "0.457724", "PCC": "0.141790", "Score": "28.4", "Std": "2.323651", "Ave": "15.153695"}, "J118_class_00_axis_flipped_final_volume_FMN": {"R": "{210.0,90.0,175.0}", "MTX": "{-0.000000326,0.573576332,0.819152117,0.000000028,0.819152117,-0.573576332,-1.000000000,-0.000000163,-0.000000283}", "T": "{-126.775,-21.120,93.000}", "sco": "77.732", "zsco": "4.331987", "Overlap": "0.4880,122/250", "CC": "0.775992", "PCC": "0.412637", "Score": "77.7", "Std": "7.783251", "Ave": "44.015198"}, "J118_class_00_axis_flipped_final_volume_SAMIV": {"R": "{150.0,330.0,30.0}", "MTX": "{0.749999528,0.216505466,0.625000873,0.433012321,-0.875000165,-0.216506446,0.500001038,0.433012811,-0.749999245}", "T": "{-143.870,63.631,-22.739}", "sco": "29.516", "zsco": "4.201801", "Overlap": "0.2284,53/232", "CC": "0.393805", "PCC": "0.043728", "Score": "29.5", "Std": "2.793117", "Ave": "17.780320"}, "J118_class_01_axis_flipped_final_volume_FMN": {"R": "{275.0,205.0,155.0}", "MTX": "{0.821393874,-0.418397263,-0.387628473,-0.383022817,0.098937485,-0.918425226,0.422617587,0.902859405,-0.078989054}", "T": "{-8.322,110.416,-107.198}", "sco": "58.961", "zsco": "4.950819", "Overlap": "0.3886,89/229", "CC": "0.624086", "PCC": "0.214170", "Score": "59.0", "Std": "5.740082", "Ave": "30.542715"}, "J118_class_01_axis_flipped_final_volume_SAMIV": {"R": "{325.0,335.0,25.0}", "MTX": "{0.821393374,-0.126494786,-0.556158246,0.383021930,0.844848019,0.373531827,0.422619364,-0.519837372,0.742402842}", "T": "{-11.932,-144.721,-62.486}", "sco": "25.049", "zsco": "5.150899", "Overlap": "0.2151,40/186", "CC": "0.396662", "PCC": "0.148258", "Score": "25.0", "Std": "2.219277", "Ave": "13.617312"}, "J118_class_02_axis_flipped_final_volume_FMN": {"R": "{95.0,205.0,155.0}", "MTX": "{0.821393874,0.418397516,0.387628200,-0.383022817,-0.098936885,0.918425291,0.422617587,-0.902859353,0.078989644}", "T": "{-153.958,-37.536,41.508}", "sco": "64.422", "zsco": "5.451409", "Overlap": "0.4469,101/226", "CC": "0.671959", "PCC": "0.195740", "Score": "64.4", "Std": "5.628981", "Ave": "33.736078"}, "J118_class_02_axis_flipped_final_volume_SAMIV": {"R": "{145.0,330.0,35.0}", "MTX": "{0.709406052,0.234922212,0.664495754,0.496731331,-0.835505283,-0.234923192,0.500001038,0.496731795,-0.709405728}", "T": "{-145.359,49.338,-31.710}", "sco": "25.963", "zsco": "4.664917", "Overlap": "0.2139,43/201", "CC": "0.425180", "PCC": "0.154293", "Score": "26.0", "Std": "2.353158", "Ave": "14.985217"}, "J118_class_03_axis_flipped_final_volume_FMN": {"R": "{145.0,235.0,95.0}", "MTX": "{0.049990344,0.856984296,0.512912158,-0.571394518,-0.396664993,0.718446371,0.819151555,-0.328990577,0.469846710}", "T": "{-129.110,21.467,-82.561}", "sco": "66.180", "zsco": "4.949785", "Overlap": "0.4315,104/241", "CC": "0.736165", "PCC": "0.369463", "Score": "66.2", "Std": "6.254519", "Ave": "35.221506"}, "J118_class_03_axis_flipped_final_volume_SAMIV": {"R": "{35.0,155.0,30.0}", "MTX": "{-0.784885411,-0.199647838,0.586596653,-0.453153689,0.830608627,-0.323637208,-0.422618772,-0.519836560,-0.742403748}", "T": "{41.223,-11.628,144.898}", "sco": "27.602", "zsco": "4.773249", "Overlap": "0.2123,45/212", "CC": "0.432926", "PCC": "0.187376", "Score": "27.6", "Std": "2.568394", "Ave": "15.342134"}, "J119_class_00_final_volume_FMN": {"R": "{90.0,205.0,150.0}", "MTX": "{0.784885593,0.365997288,0.500000591,-0.453154478,-0.211309276,0.866025062,0.422617587,-0.906308102,-0.000000296}", "T": "{-155.976,-17.334,48.597}", "sco": "60.196", "zsco": "5.723076", "Overlap": "0.4279,95/222", "CC": "0.693243", "PCC": "0.240584", "Score": "60.2", "Std": "5.243549", "Ave": "30.186600"}, "J119_class_00_final_volume_SAMIV": {"R": "{85.0,210.0,0.0}", "MTX": "{-0.866025785,-0.498096678,-0.043577968,-0.000000000,0.087156050,-0.996194671,0.499999340,-0.862730272,-0.075479387}", "T": "{128.062,85.177,37.686}", "sco": "24.852", "zsco": "5.383462", "Overlap": "0.2712,48/177", "CC": "0.472260", "PCC": "0.137980", "Score": "24.9", "Std": "2.097445", "Ave": "13.560828"}, "J119_class_01_final_volume_FMN": {"R": "{0.0,25.0,85.0}", "MTX": "{0.078990210,-0.996194671,0.036833731,0.902859026,0.087156050,0.421009978,-0.422618179,0.000000000,0.906307825}", "T": "{75.712,-135.348,-48.597}", "sco": "56.050", "zsco": "4.339914", "Overlap": "0.4148,95/229", "CC": "0.653253", "PCC": "0.265189", "Score": "56.0", "Std": "5.814694", "Ave": "30.814326"}, "J119_class_01_final_volume_SAMIV": {"R": "{270.0,35.0,5.0}", "MTX": "{0.816034997,-0.571393617,-0.087156285,0.071393796,-0.049991438,0.996194651,-0.573576332,-0.819152117,-0.000000803}", "T": "{-13.544,-80.513,119.775}", "sco": "24.360", "zsco": "4.851554", "Overlap": "0.1940,39/201", "CC": "0.371063", "PCC": "0.067803", "Score": "24.4", "Std": "2.159605", "Ave": "13.882546"}, "J119_class_02_final_volume_FMN": {"R": "{210.0,85.0,95.0}", "MTX": "{-0.007596120,0.906142136,-0.422905105,0.086824398,-0.420722462,-0.903024991,-0.996194671,-0.043577968,-0.075479387}", "T": "{-40.905,113.375,102.912}", "sco": "92.786", "zsco": "8.137529", "Overlap": "0.5688,124/218", "CC": "0.839653", "PCC": "0.548030", "Score": "92.8", "Std": "7.220345", "Ave": "34.029794"}, "J119_class_02_final_volume_SAMIV": {"R": "{30.0,180.0,0.0}", "MTX": "{-1.000000000,0.000000327,0.000000566,-0.000000000,0.866025458,-0.499999906,-0.000000654,-0.499999906,-0.866025458}", "T": "{86.000,-38.478,117.478}", "sco": "28.919", "zsco": "5.669938", "Overlap": "0.2258,49/217", "CC": "0.450683", "PCC": "0.156582", "Score": "28.9", "Std": "2.451091", "Ave": "15.021289"}, "J119_class_03_final_volume_FMN": {"R": "{55.0,85.0,55.0}", "MTX": "{0.049990671,-0.001787920,0.998748084,0.071394047,0.997446587,-0.001787920,-0.996194671,0.071394047,0.049990671}", "T": "{-97.038,-98.767,75.234}", "sco": "81.867", "zsco": "4.606494", "Overlap": "0.5077,132/260", "CC": "0.818060", "PCC": "0.489208", "Score": "81.9", "Std": "7.710637", "Ave": "46.347795"}, "J119_class_03_final_volume_SAMIV": {"R": "{155.0,155.0,5.0}", "MTX": "{-0.902858777,0.256916866,-0.344731422,-0.078989891,-0.887292187,-0.454393191,-0.422618772,-0.383022583,0.821393374}", "T": "{85.198,129.178,-8.355}", "sco": "35.904", "zsco": "6.393412", "Overlap": "0.2048,51/249", "CC": "0.421996", "PCC": "0.125542", "Score": "35.9", "Std": "2.774657", "Ave": "18.164491"}, "J119_class_04_final_volume_FMN": {"R": "{85.0,95.0,0.0}", "MTX": "{-0.087155399,0.992403880,0.086824398,-0.000000000,0.087156050,-0.996194671,-0.996194728,-0.086823744,-0.007596120}", "T": "{-92.318,85.177,100.793}", "sco": "71.271", "zsco": "4.895529", "Overlap": "0.4689,113/241", "CC": "0.758032", "PCC": "0.398939", "Score": "71.3", "Std": "6.887158", "Ave": "37.554974"}, "J119_class_04_final_volume_SAMIV": {"R": "{85.0,355.0,5.0}", "MTX": "{0.992403766,-0.094091118,0.079256712,0.086824061,0.079257068,-0.993065909,0.087157027,0.992403738,0.086824385}", "T": "{-91.071,78.121,-107.309}", "sco": "30.191", "zsco": "5.376213", "Overlap": "0.2537,52/205", "CC": "0.477547", "PCC": "0.153875", "Score": "30.2", "Std": "2.654077", "Ave": "15.921740"}, "J119_class_00_axis_flipped_final_volume_FMN": {"R": "{325.0,270.0,115.0}", "MTX": "{0.000000414,-0.984807476,-0.173649751,-0.000000889,0.173649751,-0.984807476,1.000000000,0.000000562,-0.000000803}", "T": "{106.627,69.760,-93.000}", "sco": "75.651", "zsco": "7.243621", "Overlap": "0.5441,111/204", "CC": "0.813399", "PCC": "0.453619", "Score": "75.7", "Std": "6.222909", "Ave": "30.574421"}, "J119_class_00_axis_flipped_final_volume_SAMIV": {"R": "{150.0,355.0,0.0}", "MTX": "{0.996194586,-0.043578555,0.075480176,0.000000000,-0.866025131,-0.500000472,0.087157027,0.498097763,-0.862729547}", "T": "{-95.416,117.478,16.863}", "sco": "24.331", "zsco": "5.146890", "Overlap": "0.2240,41/183", "CC": "0.430822", "PCC": "0.145637", "Score": "24.3", "Std": "2.070533", "Ave": "13.674158"}, "J119_class_01_axis_flipped_final_volume_FMN": {"R": "{55.0,90.0,125.0}", "MTX": "{-0.000000187,-0.939692534,0.342020382,0.000000268,0.342020382,0.939692534,-1.000000000,0.000000268,0.000000187}", "T": "{51.400,-117.227,93.000}", "sco": "78.756", "zsco": "7.402043", "Overlap": "0.5142,109/212", "CC": "0.763726", "PCC": "0.422621", "Score": "78.8", "Std": "6.400150", "Ave": "31.381665"}, "J119_class_01_axis_flipped_final_volume_SAMIV": {"R": "{270.0,30.0,5.0}", "MTX": "{0.862729971,-0.498097170,-0.087156213,0.075479076,-0.043578831,0.996194657,-0.499999906,-0.866025458,-0.000000849}", "T": "{-23.863,-95.416,117.478}", "sco": "25.324", "zsco": "4.886255", "Overlap": "0.2268,44/194", "CC": "0.435346", "PCC": "0.187441", "Score": "25.3", "Std": "2.280063", "Ave": "14.183512"}, "J119_class_02_axis_flipped_final_volume_FMN": {"R": "{115.0,95.0,35.0}", "MTX": "{-0.071393530,0.981982653,0.174965804,-0.049990274,0.171670343,-0.983885291,-0.996194728,-0.078989632,0.036833430}", "T": "{-100.358,81.150,96.298}", "sco": "66.791", "zsco": "4.900800", "Overlap": "0.4589,106/231", "CC": "0.709383", "PCC": "0.328053", "Score": "66.8", "Std": "6.521115", "Ave": "34.832711"}, "J119_class_02_axis_flipped_final_volume_SAMIV": {"R": "{305.0,0.0,0.0}", "MTX": "{1.000000000,-0.000000000,0.000000000,0.000000000,0.573575529,0.819152680,-0.000000000,-0.819152680,0.573575529}", "T": "{-86.000,-126.775,21.120}", "sco": "28.053", "zsco": "4.842801", "Overlap": "0.2828,56/198", "CC": "0.462107", "PCC": "0.161669", "Score": "28.1", "Std": "2.639090", "Ave": "15.272883"}, "J119_class_03_axis_flipped_final_volume_FMN": {"R": "{265.0,240.0,115.0}", "MTX": "{0.211309261,-0.285614064,-0.934758259,-0.453154666,0.818732514,-0.352601643,0.866024968,0.498098059,0.043578416}", "T": "{86.779,-8.116,-121.062}", "sco": "87.175", "zsco": "5.209283", "Overlap": "0.4607,123/267", "CC": "0.758784", "PCC": "0.349002", "Score": "87.2", "Std": "7.871235", "Ave": "46.171250"}, "J119_class_03_axis_flipped_final_volume_SAMIV": {"R": "{265.0,180.0,5.0}", "MTX": "{-0.996194700,0.007595557,-0.086824120,-0.087155725,-0.086825101,0.992403790,-0.000000654,0.996194614,0.087156701}", "T": "{99.486,-77.384,-107.168}", "sco": "34.343", "zsco": "5.589224", "Overlap": "0.2140,55/257", "CC": "0.448605", "PCC": "0.167280", "Score": "34.3", "Std": "2.864449", "Ave": "18.332801"}, "J119_class_04_axis_flipped_final_volume_FMN": {"R": "{240.0,65.0,115.0}", "MTX": "{-0.178606126,0.784861139,-0.593374118,0.383022490,-0.500038343,-0.776695196,-0.906307687,-0.365998152,-0.211309557}", "T": "{-1.108,76.859,134.591}", "sco": "86.139", "zsco": "6.328148", "Overlap": "0.5219,119/228", "CC": "0.812501", "PCC": "0.531783", "Score": "86.1", "Std": "7.646269", "Ave": "37.751961"}, "J119_class_04_axis_flipped_final_volume_SAMIV": {"R": "{175.0,30.0,115.0}", "MTX": "{-0.365997846,0.884442220,0.289495313,0.784885769,0.460504923,-0.414595641,-0.499999906,0.075479640,-0.862729922}", "T": "{-76.483,-78.448,124.704}", "sco": "28